data/glds00ag30.txt
ncols         720
nrows         286
xllcorner     -180
yllcorner     -58
cellsize      0.5000000000004
NODATA_value  -9999
[rows 160 to 191 of 286, columns 360 to 431 of 720]
-9999 -9999 -9999 -9999 -9999 -9999 -9999 -9999 -9999 -9999 105.3458 116.4794 169.3751 417.4255 475.8517 482.7004 361.981 33.60238 40.26017 78.95181 24.41093 23.80832 12.88531 10.50183 8.420967 8.162619 7.123703 6.921803 9.44531 8.545081 9.019 12.93943 9.898423 9.299133 8.647612 6.275601 8.899026 6.956059 13.40492 13.74286 10.9774 17.26345 17.34068 11.19953 8.195217 6.870847 6.960774 3.136922 3.753066 3.182908 1.739196 1.723473 1.723473 1.80352 4.460543 4.205407 6.07222 4.318243 2.569132 2.81682 4.460515 6.421514 6.075499 6.075499 6.678061 7.118828 5.798642 5.761091 5.628954 2.914134 3.204208 6.825318
-9999 -9999 -9999 -9999 -9999 -9999 -9999 -9999 -9999 -9999 -9999 146.5013 166.6071 97.33769 482.2611 729.6313 -9999 35.66188 101.7655 115.7686 17.5159 32.19515 101.039 52.55833 20.36548 13.41148 6.031558 9.073287 10.52444 10.42838 10.73958 16.33318 12.37027 7.531587 9.047323 14.51818 23.73591 223.3462 15.33755 17.29493 12.29903 10.59896 13.32172 11.43158 9.329483 5.763502 4.10171 4.10171 4.10171 4.10171 3.132441 1.723475 1.723475 1.792006 3.549777 4.573413 5.040482 4.616672 4.218776 11.01019 22.97502 23.32002 17.13732 6.722802 7.23876 7.287513 6.759567 5.763867 11.51098 2.279207 2.789131 10.07109
-9999 -9999 -9999 -9999 -9999 -9999 -9999 -9999 -9999 -9999 -9999 -9999 -9999 -9999 -9999 -9999 -9999 113.1198 144.1265 258.0838 34.7415 29.91726 139.7345 145.093 23.69323 6.079264 6.008867 7.284932 8.032463 5.441942 5.151492 6.860051 6.099482 1.933839 4.481407 11.97137 14.27372 16.66545 26.86933 55.52592 29.03133 14.55651 14.34725 7.679383 10.34661 23.40654 13.91555 4.28721 4.454829 4.122516 4.066553 5.289557 5.438634 5.402738 5.733706 8.902225 6.059885 4.498976 4.912231 16.54106 20.16884 41.30076 32.60847 43.9531 7.914457 18.68862 10.19453 7.275415 9.950963 33.07722 4.499653 6.110654
-9999 -9999 -9999 -9999 -9999 -9999 -9999 -9999 -9999 -9999 -9999 -9999 -9999 -9999 -9999 -9999 9.932758 9.932761 -9999 24.28572 14.94905 16.63373 30.08048 16.30561 9.72925 6.381507 5.948197 5.948197 5.532311 3.30091 3.316552 5.129177 6.23236 1.525249 1.076235 1.076235 1.129053 13.29286 43.90291 55.97571 39.93502 22.45389 18.48129 15.09796 16.17684 18.59736 6.769585 5.216525 5.237649 5.865672 8.403175 12.061 12.69959 6.677367 7.216336 15.36976 9.126665 5.24754 9.655951 16.06247 51.25919 195.7798 112.8547 41.6903 22.47546 52.08025 37.91799 14.8341 13.21371 5.114252 7.287281 22.27056
-9999 -9999 -9999 -9999 -9999 -9999 -9999 -9999 -9999 -9999 -9999 -9999 -9999 -9999 -9999 -9999 -9999 -9999 -9999 12.91969 12.95238 15.5021 16.23597 13.57153 9.653903 8.79531 8.376285 6.212876 5.615883 3.441749 3.300909 3.302805 5.298767 1.105417 1.076235 1.076235 6.231522 26.89279 33.43779 36.43755 29.02857 25.64855 23.04422 28.80219 37.12237 37.01764 6.922747 5.232394 5.427457 6.058064 6.080459 9.229738 10.00416 8.345675 21.2404 31.15749 26.66673 9.363366 9.846569 11.46121 84.09828 136.6246 46.58947 18.04996 78.44678 50.73086 49.58974 24.13347 12.37992 21.28215 9.376668 5.492058
-9999 -9999 -9999 -9999 -9999 -9999 -9999 -9999 -9999 -9999 -9999 -9999 -9999 -9999 -9999 -9999 -9999 -9999 -9999 15.4688 14.14782 19.00878 17.11906 11.10842 4.662218 5.108454 5.493427 4.545134 4.298808 3.036005 3.27539 3.300906 2.272984 0.8292651 0.8343328 1.040256 20.9808 28.42063 24.70163 27.27599 24.1448 23.4301 22.17521 22.45049 27.49652 32.37339 25.99498 9.36252 6.188917 6.543868 6.161508 7.427364 7.664359 5.887149 28.39318 35.04485 24.36991 6.351565 4.519485 40.46317 117.1203 151.3317 140.7472 5.587856 62.86771 175.2989 94.69942 35.32622 16.06457 21.91999 12.31963 5.960051
-9999 -9999 -9999 -9999 -9999 -9999 -9999 -9999 -9999 -9999 -9999 -9999 -9999 -9999 58.1741 -9999 -9999 -9999 -9999 17.61 8.624493 11.44822 14.37628 5.273473 2.479149 0.8969538 1.05571 1.149642 1.317698 1.637848 1.598524 1.507175 1.256287 0.8258616 0.7372414 1.566121 6.551649 6.291112 5.539112 8.612761 9.734837 9.121221 9.429285 8.700665 8.642068 5.581411 7.134109 7.591462 7.585526 6.606602 5.893419 5.812353 5.720808 1.955618 18.46648 20.36305 12.04783 3.751881 3.751881 34.39573 103.2251 114.1097 99.61755 52.3229 43.47572 89.46545 96.95143 110.3003 26.55801 18.17425 21.20388 4.862856
-9999 -9999 -9999 -9999 -9999 -9999 -9999 -9999 -9999 -9999 -9999 -9999 -9999 -9999 -9999 -9999 -9999 -9999 17.94456 17.35153 9.935035 8.238459 9.809343 5.822991 4.014807 1.209033 1.298168 1.215156 1.091805 0.8805339 1.000897 0.9442274 0.9280744 0.834204 0.73724 1.851179 3.836574 5.441506 6.97771 8.201385 8.17439 7.853209 8.670119 8.756731 9.496377 6.686568 6.024772 8.912963 8.607263 9.851103 5.828604 3.986237 2.005904 1.860822 1.92753 3.670864 3.751872 3.751872 9.943582 59.98392 60.7074 76.97037 69.59261 22.49484 12.6208 51.21359 119.0681 208.6995 316.1737 98.82372 127.8518 33.63585
-9999 -9999 -9999 -9999 -9999 -9999 -9999 -9999 -9999 -9999 -9999 -9999 -9999 -9999 -9999 -9999 -9999 -9999 5.293641 2.586255 1.734481 2.454146 1.623376 1.520557 1.400225 1.591287 1.5267 1.193836 1.028532 0.5140861 0.847361 0.9280763 0.9280763 0.8472168 0.7372409 2.150772 4.536779 6.630384 6.750633 7.931429 8.153486 6.613016 7.126115 8.382428 9.340493 8.390086 5.254308 16.73012 23.56568 25.84231 87.57369 2.929409 2.084896 1.857549 1.857549 8.537879 29.38836 17.97351 56.19832 119.3089 146.877 121.6072 75.40806 100.7479 113.4912 202.2033 358.1711 247.066 328.6768 366.3831 239.3446 62.48469
-9999 -9999 -9999 -9999 -9999 -9999 -9999 -9999 -9999 -9999 -9999 -9999 150.0452 150.0452 -9999 -9999 -9999 -9999 429.7763 91.23418 2.052541 1.704384 1.37565 1.247494 1.066477 1.453443 1.565418 1.66574 1.823183 0.7653925 1.811119 2.715657 1.496728 1.447024 0.9509832 2.32985 16.04173 6.740183 6.711412 6.999077 6.9703 6.703176 8.787695 7.148511 8.01227 9.487066 6.104753 18.08342 15.85101 10.03036 78.67287 4.604232 4.013431 2.210778 1.857544 2.566495 55.69472 66.67395 108.6022 166.9529 182.7422 74.79949 56.76265 106.8399 237.7812 888.1332 271.3803 257.676 380.9803 526.5366 198.4644 86.2497
-9999 -9999 -9999 -9999 -9999 -9999 -9999 -9999 -9999 -9999 -9999 -9999 -9999 -9999 -9999 -9999 -9999 -9999 6.247032 4.033208 2.557274 1.511978 1.283141 1.299137 1.307693 1.414672 1.44407 1.614597 2.643067 3.111012 3.626625 3.466763 3.254947 2.303197 1.018568 3.506727 66.26385 8.543182 7.429655 8.044464 10.30483 11.91182 12.12415 11.30053 11.00905 9.324383 7.547977 13.42582 8.266571 4.822628 4.604237 4.604237 4.843838 4.234276 2.405504 2.470917 20.4705 61.37427 70.39364 61.83853 146.2899 103.8636 105.9207 233.7494 68.12843 72.73759 203.3033 236.7229 273.9901 445.7709 226.6423 157.8522
-9999 -9999 -9999 -9999 -9999 -9999 -9999 -9999 -9999 -9999 -9999 -9999 -9999 -9999 -9999 -9999 -9999 13.63457 13.6342 7.646999 4.470623 2.428293 1.370802 1.066226 2.853972 1.438598 1.420257 1.627445 1.321361 3.546573 5.232138 4.064197 3.589762 2.500703 1.936723 11.89758 14.46126 10.69055 7.932292 7.644131 6.598782 10.85813 12.14846 11.64365 11.14605 9.573867 8.72975 5.28074 5.055338 4.746363 4.604236 4.604236 5.10424 5.688111 5.839001 7.617719 9.715091 15.06114 102.2106 198.4482 253.0598 140.1705 102.2388 115.6797 53.91065 -9999 -9999 -9999 191.5591 570.2224 276.1161 66.47179
-9999 -9999 -9999 -9999 -9999 -9999 -9999 -9999 -9999 -9999 -9999 160.6857 -9999 -9999 -9999 -9999 -9999 4.766113 5.900314 7.616123 2.15555 2.860873 1.527274 1.113307 2.651907 1.886306 7.785574 4.060972 1.528098 2.390291 4.266019 4.595536 3.510564 4.627364 10.02055 13.43856 12.4612 12.32978 9.587976 3.513388 2.284847 2.078071 4.58654 7.254843 11.14605 10.20553 9.056662 7.950806 5.690458 5.04514 4.65755 4.717037 5.660498 5.8467 7.485597 9.715096 9.715096 153.7137 153.1977 305.5296 165.6528 69.77589 78.79287 85.48105 -9999 -9999 -9999 129.3345 163.0997 104.0943 23.34105 21.90422
-9999 -9999 -9999 -9999 -9999 -9999 -9999 -9999 -9999 -9999 -9999 -9999 -9999 -9999 -9999 -9999 -9999 -9999 0.7703823 0.8001357 1.148902 2.576651 4.442106 2.153833 3.020693 3.448213 8.298336 6.070997 1.387004 2.01394 4.215279 5.65638 6.237118 10.49089 11.03481 11.10831 11.18273 11.25003 11.13411 5.792535 2.141631 2.075346 2.075346 2.087311 8.584956 8.65775 8.908012 8.134842 6.726329 5.495047 4.775166 6.889528 6.955908 6.07468 6.105896 8.752178 18.69007 148.6572 402.9164 454.9302 357.4978 66.46145 84.75514 143.9646 -9999 165.4193 139.3051 128.0326 69.98077 27.14055 12.50089 13.36798
-9999 -9999 -9999 -9999 -9999 -9999 -9999 -9999 -9999 -9999 -9999 -9999 -9999 -9999 -9999 -9999 -9999 -9999 0.7703825 1.322829 1.661305 2.559512 3.792872 5.817699 2.752105 3.81337 1.634777 3.702645 3.67576 2.906077 2.086156 4.42822 16.69999 12.36459 7.930586 9.364649 12.65935 11.85981 10.26489 5.564092 3.301819 3.017756 2.130392 2.352335 4.300919 5.011086 5.237481 5.04529 5.447886 9.009375 8.698271 9.198084 8.973769 10.34343 9.810916 11.37681 62.50113 166.0554 304.137 395.1266 255.4479 131.6168 80.32065 106.2607 165.4193 165.4193 135.4508 138.2065 54.93724 15.26933 11.94178 8.482533
-9999 -9999 -9999 -9999 -9999 -9999 -9999 -9999 -9999 -9999 -9999 -9999 -9999 -9999 -9999 -9999 -9999 -9999 -9999 1.623104 1.746453 2.829763 1.732586 4.528986 6.956563 6.068458 3.890837 3.06205 3.477497 1.883285 1.641528 1.76561 16.78667 13.50946 8.841166 19.54034 19.71442 20.65549 4.692675 3.379425 3.379425 3.393494 3.432914 3.537465 5.743351 5.020217 13.5489 9.608496 10.94277 11.64228 9.588063 9.19809 15.30459 18.47985 11.60137 11.89777 56.87986 327.1228 231.1117 438.7946 290.3 68.46335 43.40237 68.58051 165.4028 165.4193 165.2634 82.49469 57.60222 53.75814 24.66608 8.548779
-9999 -9999 -9999 -9999 -9999 -9999 -9999 -9999 -9999 -9999 -9999 -9999 -9999 -9999 -9999 -9999 -9999 -9999 -9999 -9999 1.447269 1.70158 2.494487 2.341742 6.301412 6.663851 5.089632 4.11671 4.544013 2.54343 2.251594 1.963606 6.827425 6.653076 34.32392 27.30118 21.0833 18.19215 3.3847 3.379421 3.379421 3.42025 3.444529 3.453818 6.82326 7.503534 34.64103 28.22681 11.64226 10.54603 6.36604 6.91828 19.11991 19.85974 13.25202 21.3592 33.549 118.4126 371.3284 335.8228 182.347 67.95164 42.66875 49.00418 97.86217 125.586 127.9263 72.11062 49.18917 30.2858 15.39637 26.16938
-9999 -9999 -9999 -9999 -9999 -9999 -9999 -9999 -9999 -9999 -9999 -9999 -9999 -9999 -9999 -9999 -9999 -9999 -9999 -9999 -9999 1.566195 2.697371 3.85299 14.15011 14.19142 6.735538 13.21995 12.17423 3.119463 113.9133 120.0779 6.422217 6.644008 13.67296 20.0126 21.98967 25.67188 16.5283 3.81381 3.379424 3.42387 3.949192 4.045911 7.156166 7.771694 31.70997 32.61498 11.64227 8.383404 3.621534 3.622836 20.32795 22.11056 12.35334 13.2661 31.39931 52.35539 165.8642 200.7425 119.2288 26.68677 38.19069 48.76988 48.76988 53.92262 67.50624 67.07444 52.51794 40.95318 59.17574 57.70932
-9999 -9999 -9999 -9999 -9999 -9999 -9999 -9999 -9999 -9999 -9999 -9999 -9999 -9999 -9999 -9999 -9999 -9999 -9999 -9999 -9999 -9999 3.865391 45.17141 20.11813 18.94396 27.2905 26.96033 20.94142 23.55268 1505.646 246.8237 19.37305 18.21774 20.24261 25.89981 65.19495 72.53681 47.79653 34.72258 10.11891 12.84728 15.9155 16.04505 15.44685 10.27523 13.38008 14.01206 10.53137 11.03786 3.6503 3.623916 20.82038 23.3107 9.679132 10.46817 18.44648 30.55978 40.10532 153.9907 80.44375 38.68481 29.48741 29.86426 38.04804 52.1111 56.01056 48.43113 50.62902 48.51819 56.63397 55.1015
-9999 -9999 -9999 -9999 -9999 -9999 -9999 -9999 -9999 -9999 -9999 -9999 -9999 -9999 -9999 -9999 -9999 -9999 -9999 -9999 -9999 -9999 -9999 211.6741 90.08392 46.84618 54.71774 27.43629 34.44992 33.44382 41.29143 29.30724 21.26922 21.82044 21.76361 41.51154 62.92194 79.58244 53.96772 38.61801 20.35989 16.6662 16.27728 16.25901 22.26384 16.96437 9.782471 8.72008 9.76025 9.070952 3.733968 8.767349 23.22241 21.6923 8.935916 8.924898 8.924898 22.37964 30.89014 54.6683 62.72161 48.67703 24.38518 17.08418 16.80029 30.63497 35.07744 35.09585 44.71835 41.16479 45.28508 36.38224
-9999 -9999 -9999 -9999 -9999 -9999 -9999 -9999 -9999 -9999 -9999 -9999 -9999 -9999 -9999 -9999 -9999 -9999 -9999 -9999 -9999 -9999 -9999 211.6741 29.90852 90.0249 85.57873 39.87184 41.75716 70.656 50.14835 38.4779 23.65236 22.101 21.96718 45.03251 47.82766 61.2465 40.73805 38.34697 22.80169 16.81718 19.0242 24.50948 31.12156 21.37307 13.88134 9.707052 10.0892 11.62592 10.58509 10.59249 18.19099 21.90545 21.90545 13.02978 8.458201 14.22151 14.49678 46.43639 29.53936 35.8489 27.84071 17.08422 16.90875 15.01003 14.97029 15.85046 34.16518 40.61887 36.06274 34.53702
-9999 -9999 -9999 -9999 -9999 -9999 -9999 -9999 -9999 -9999 -9999 -9999 -9999 -9999 -9999 -9999 -9999 -9999 -9999 -9999 -9999 -9999 -9999 -9999 30.46588 58.08152 110.1412 60.51665 28.00595 53.19873 41.52972 31.11205 22.35338 23.78013 20.80059 24.2298 29.67605 29.56512 30.13338 31.19992 25.12096 25.27568 21.23361 24.80686 101.0865 94.78722 54.67344 48.61113 18.95649 15.99874 10.59288 10.59288 16.15584 18.93587 13.34101 8.132664 10.45991 14.40134 14.49492 47.40439 19.81465 9.093683 12.63275 13.10932 14.92766 14.97027 14.97027 14.96111 8.653115 11.30461 23.27928 45.96597
-9999 -9999 -9999 -9999 -9999 -9999 -9999 -9999 -9999 -9999 -9999 -9999 -9999 -9999 -9999 -9999 -9999 -9999 -9999 -9999 -9999 -9999 -9999 -9999 7.993626 6.805358 6.465217 6.465217 6.465217 8.801369 17.02914 17.02914 17.02914 18.69061 17.60275 10.07893 9.578312 14.64543 19.8422 30.65569 36.84298 36.84298 34.04585 31.72407 42.53255 38.38555 80.64575 391.5954 27.42926 20.37256 15.9704 12.3584 11.69404 11.29367 11.33138 9.764648 10.0805 14.49489 14.49493 47.40439 32.80786 9.09368 9.09368 9.09368 10.52407 14.24177 14.97025 13.09373 7.49861 7.14799 27.1589 47.49264
-9999 -9999 -9999 -9999 -9999 -9999 -9999 -9999 -9999 -9999 -9999 -9999 -9999 -9999 -9999 -9999 -9999 -9999 -9999 -9999 -9999 -9999 -9999 -9999 6.465228 6.465235 6.465239 6.825804 11.26549 15.92415 17.02917 17.02917 17.02917 17.0955 17.24399 15.99959 11.71733 8.234643 7.564436 15.55111 34.5765 35.48114 36.76228 32.03908 29.96326 32.16185 44.63553 73.08437 78.31206 42.38294 16.61581 14.26802 10.25277 8.561879 9.088988 8.853909 8.271164 12.9478 15.22164 15.77301 11.13527 10.84339 9.093695 9.093695 9.093695 12.20566 13.51161 7.448911 7.148011 8.737463 35.2222 47.25925
-9999 -9999 -9999 -9999 -9999 -9999 -9999 -9999 -9999 -9999 -9999 -9999 -9999 -9999 -9999 -9999 -9999 -9999 -9999 -9999 -9999 -9999 -9999 -9999 -9999 6.465226 6.465219 8.968564 17.02916 17.02916 17.02916 17.02916 16.75524 16.56027 16.97795 17.24399 16.9847 7.414035 6.650555 3.662014 3.558907 20.16911 22.13569 21.24613 23.89473 23.68988 35.36179 42.42139 16.34806 10.11178 13.53853 14.33105 16.45889 9.316803 8.317439 8.202123 8.189702 12.43406 15.73954 15.73954 15.74867 19.48079 13.85783 9.093687 8.665459 7.979092 7.944002 7.558505 10.1949 20.23191 21.87648 23.75951
-9999 -9999 -9999 -9999 -9999 -9999 -9999 -9999 -9999 -9999 -9999 -9999 -9999 -9999 -9999 -9999 -9999 -9999 -9999 -9999 -9999 -9999 -9999 -9999 -9999 6.465228 6.36827 7.034905 12.01556 15.99004 17.22576 17.02916 14.31877 13.66975 14.58195 16.90545 9.766239 6.410797 5.98847 3.558908 3.558908 3.558908 3.558908 6.376243 15.92717 17.76405 30.26205 32.18796 10.83815 7.200271 7.564297 11.83186 24.82463 25.06257 24.11586 17.12188 8.313742 13.01911 12.96453 15.30224 15.73955 19.68612 20.09889 32.00117 10.70392 7.943989 7.950637 19.86002 31.86987 30.58908 21.89145 21.87649
-9999 -9999 -9999 -9999 -9999 -9999 -9999 -9999 -9999 -9999 -9999 -9999 -9999 -9999 -9999 -9999 -9999 -9999 -9999 -9999 -9999 -9999 -9999 -9999 -9999 -9999 6.251939 6.251942 7.511827 14.97863 19.52027 17.83358 13.63673 13.40511 13.40598 6.806819 3.72414 3.55891 3.55891 3.55891 3.55891 3.55891 3.55891 3.794265 5.124683 5.124683 5.124683 8.497336 9.753167 6.16594 6.16594 11.94129 21.48582 24.52265 16.46663 8.432442 9.105248 10.32542 15.08499 13.64391 12.5767 16.45193 32.84499 40.91516 43.45191 17.29436 10.41677 33.80122 40.82381 37.0085 30.34323 28.03221
-9999 -9999 -9999 -9999 -9999 -9999 -9999 -9999 -9999 -9999 -9999 -9999 -9999 -9999 -9999 -9999 -9999 -9999 -9999 -9999 -9999 -9999 -9999 -9999 -9999 -9999 659.1867 98.69871 12.6152 20.27079 20.27079 15.69693 13.40513 13.40513 13.40513 5.163821 3.558911 3.558911 3.558911 3.558911 3.558911 3.270371 2.722795 3.291078 5.504241 5.166121 5.15671 7.669497 6.289119 6.165942 6.165942 18.49771 20.95434 16.32351 6.205761 7.760538 9.913805 10.48115 27.02727 7.860159 9.112811 13.46615 19.13327 34.19693 49.65221 46.647 31.83583 39.94881 38.05238 38.1404 30.83492 23.68089
-9999 -9999 -9999 -9999 -9999 -9999 -9999 -9999 -9999 -9999 -9999 -9999 -9999 -9999 -9999 -9999 -9999 -9999 -9999 -9999 -9999 -9999 -9999 -9999 -9999 746.4473 362.5593 6.269049 16.27244 20.27077 17.88019 14.06639 13.4051 13.4051 12.08485 4.25504 3.558907 3.558907 3.558907 3.556856 3.092114 2.591872 2.566786 3.79076 6.324686 6.322623 6.153244 6.28986 6.239748 6.165937 6.16692 18.62678 20.61293 5.944894 5.399963 7.597524 10.89941 41.8702 15.74761 7.171781 7.590596 12.43806 13.59243 13.98273 21.73961 39.04002 55.0263 120.3165 40.99393 40.54806 39.48821 20.04291
-9999 -9999 -9999 -9999 -9999 -9999 -9999 -9999 -9999 -9999 -9999 -9999 -9999 -9999 -9999 -9999 -9999 -9999 -9999 -9999 -9999 -9999 -9999 -9999 -9999 -9999 6.251944 6.251928 9.929984 17.08555 15.03967 14.29125 13.92233 13.4051 12.98223 7.281171 3.893002 3.558905 3.557431 3.299469 2.566783 2.566783 2.566783 2.986152 5.966666 6.499251 6.352193 6.526509 6.93294 6.688248 6.995682 10.49577 10.9783 6.233732 5.689755 6.798379 8.2071 19.26661 11.59275 8.958911 6.170753 8.685431 12.92344 14.21688 12.97664 14.24734 37.21077 91.85211 33.98143 25.40988 22.41448 11.52345
-9999 -9999 -9999 -9999 -9999 -9999 -9999 -9999 -9999 -9999 -9999 -9999 -9999 -9999 -9999 -9999 -9999 -9999 -9999 -9999 -9999 -9999 -9999 -9999 -9999 -9999 6.291806 9.013482 9.301468 14.02886 15.21248 15.21248 14.84049 13.41428 13.40511 13.40511 9.151175 3.326717 2.813393 2.566785 2.566785 2.566785 2.566785 2.566785 4.862926 7.480128 7.439082 7.480128 16.96104 22.91835 17.54254 14.91332 9.421256 10.21569 8.0012 7.571139 7.656359 13.89474 15.07692 10.39963 8.481914 12.86432 14.25533 13.73234 9.15371 11.61339 13.7738 15.46573 82.83756 25.78231 21.19628 12.92592
-9999 -9999 -9999 -9999 -9999 -9999 -9999 -9999 -9999 -9999 -9999 -9999 -9999 -9999 -9999 -9999 -9999 -9999 -9999 -9999 -9999 -9999 -9999 -9999 -9999 -9999 -9999 15.21247 15.21246 15.21246 15.21246 15.25695 16.15742 17.1534 14.86856 13.40509 13.40509 6.073231 2.566781 2.566781 2.566781 2.566781 2.566781 2.334405 4.611919 7.480113 7.324389 7.272572 14.08301 23.04116 23.04116 21.90882 11.7688 23.92156 19.01419 7.656341 7.867863 13.67276 13.12567 12.5321 11.37206 12.6051 11.6669 9.058939 7.383744 4.233855 7.670226 22.30888 49.04929 49.15371 27.56701 12.92592
