data/glds00ag30.txt
ncols         720
nrows         286
xllcorner     -180
yllcorner     -58
cellsize      0.5000000000004
NODATA_value  -9999
[rows 64 to 95 of 286, columns 504 to 575 of 720]
1.870706 2.201806 2.631808 2.834286 3.124138 3.001852 2.924929 2.953732 3.523956 6.062943 6.180768 5.805586 6.27189 9.886817 11.2765 12.57673 11.37685 10.71726 9.208727 12.4773 9.006125 24.65454 9.245192 9.086571 9.359679 9.69195 143.3449 12.85064 6.626602 4.318077 2.772697 16.63216 2.939043 2.93023 2.157893 2.270127 2.629013 3.601395 4.644073 4.564819 2.020779 1.352978 1.411587 1.479368 1.580803 0.8705965 0.1407217 0.1406782 0.1406782 0.1406782 0.1406782 0.1406782 0.1406782 0.149899 0.1629588 0.1640545 0.1640545 0.6592092 2.396593 3.199316 3.20034 3.655265 6.614262 210.9789 4.954869 5.662062 5.404873 2.575484 1.172513 1.152968 8.254383 2.496473
3.955879 3.654734 3.77243 3.701128 1.604837 1.210606 1.657668 3.611311 4.147529 99.81181 123.0349 6.097126 5.34109 6.60146 6.835472 7.004431 7.315393 7.009273 6.793944 9.210484 9.336803 8.088393 7.739541 7.995748 9.208001 15.84502 11.00585 11.23459 7.833541 3.378687 1.426797 1.431807 1.75158 2.099048 1.803662 1.803662 1.747957 3.67714 4.066173 2.82611 1.47137 1.352976 1.370602 1.474932 1.458986 1.098587 0.6932842 0.3706068 0.1419358 0.1406779 0.1406779 0.1560154 0.3044268 0.3914281 0.2307458 0.1640541 0.1640541 0.1640541 0.1640541 1.017986 1.574534 6.009906 7.635507 5.958351 373.381 4.947701 4.922294 4.913205 8.367595 8.334834 3.878272 2.929918
3.976217 3.714325 3.706153 3.221652 1.373151 1.200826 64.52145 10.1112 2.067735 3.692787 2.841677 3.543695 3.919757 3.777023 4.82506 7.050692 5.313204 6.511961 100.1247 10.66516 8.678213 7.983349 6.745642 5.023236 4.450173 9.562903 7.231203 8.987409 34.9628 2.523145 1.439367 1.396533 1.792551 1.76597 1.741002 2.192794 3.297142 1.744298 1.577678 1.715883 2.086212 2.597887 2.379678 1.523566 44.06415 4.037412 0.6130611 0.5551769 0.4708733 0.3450772 0.3066042 0.5064669 0.7200462 1.146 1.258441 0.9895883 0.730921 0.8716668 1.372082 1.641703 1.847793 2.323285 6.297149 7.748788 7.822755 6.235894 6.967791 8.365629 7.700754 7.003893 6.831889 209.4147
5.051685 4.00907 3.925173 3.73642 1.302036 1.424532 1.690406 1.980623 1.92431 1.316442 1.29126 1.60345 3.097655 3.230322 3.189919 3.359631 3.830331 8.441868 11.05895 9.478616 12.48554 6.152616 4.476478 2.425493 2.966337 3.122414 3.699904 3.319473 3.572775 2.315023 1.307621 0.8236373 0.900093 0.8638959 1.467248 2.172182 4.155179 4.105674 2.779276 3.108158 2.619309 2.788151 3.345891 3.291481 3.1242 2.285186 0.8693557 0.5549182 0.5549182 0.5873903 0.717975 0.8333464 1.264023 1.302251 1.302251 1.302251 1.302252 1.302253 1.318351 1.393871 1.997699 2.278935 2.315188 3.832724 5.231009 6.522564 5.955947 4.4869 3.336051 20.06266 5.563831 6.135206
5.49483 5.493298 5.212869 4.749476 2.598454 2.177064 2.028671 2.028671 1.827679 1.365579 1.280535 1.291084 1.577128 2.845576 3.521626 3.126925 4.117234 8.518042 9.264364 13.78673 13.06215 12.02698 7.139261 6.107288 3.043232 2.678177 2.123734 1.562197 1.626374 1.55512 1.423346 0.7201225 0.7113537 0.7113537 0.834323 1.381962 1.532457 4.17952 3.144908 2.324897 1.707013 1.707976 1.691873 1.628996 1.548477 1.783732 1.611317 0.626217 0.6191018 1.001582 1.101454 1.113799 1.274247 1.302254 1.302254 1.302254 1.302252 1.302254 1.302254 1.302254 1.712891 2.358229 2.36477 2.36477 2.682992 4.257569 4.379004 4.177149 4.768553 6.655593 5.735711 5.754948
5.811207 59.19187 66.85378 4.229536 4.113046 3.876313 1.928739 1.696859 1.583253 1.367747 1.224519 1.11779 1.231122 2.393354 3.023834 3.015842 173.1975 3.185317 6.040171 11.41805 11.00826 55.4333 20.57221 33.87797 4.187713 2.189418 1.51629 1.507295 1.513708 1.341292 1.092622 0.7651528 0.7564604 0.7333528 0.7834103 1.228797 1.307084 1.454635 1.536879 1.51769 1.51769 1.517691 1.517689 1.51769 1.483641 0.9692802 0.6883874 0.6949923 0.6888645 0.7571609 1.021644 1.102604 1.224319 1.302252 1.302252 1.302252 1.302252 1.302252 1.302252 1.302252 1.331504 1.572446 1.841734 2.01312 1.936617 3.038125 2.802609 2.831161 4.565387 5.24342 7.920072 6.066059
6.729762 218.8264 206.1902 4.212212 3.112748 2.639062 1.8858 1.669195 1.27648 1.230162 0.9230697 0.7743718 0.7743718 1.010905 1.395275 1.93773 2.807212 3.219089 3.401121 5.638288 6.413975 120.9362 8.401971 7.172909 29.90529 4.239133 2.254544 1.653268 1.678059 1.374894 0.7988352 0.7988352 0.800968 0.8316849 1.029882 1.862917 1.797704 1.517692 1.517691 1.517691 1.517691 1.517691 1.517691 1.517691 1.517691 1.517691 1.398568 1.148076 1.144527 1.123534 1.050573 1.261287 1.302251 1.302251 1.302251 1.302251 1.302251 1.302251 1.302251 1.302251 1.317286 1.358858 1.366701 1.366701 1.366701 2.228455 2.577179 4.583998 8.740023 4.11622 2.661024 2.640992
3.885549 3.491014 3.336053 2.925 2.259381 2.23982 2.23982 2.23982 2.182355 1.742288 1.041854 0.7743726 0.7743726 0.7743726 0.7743726 0.7743726 1.627866 3.237896 3.274713 3.303375 3.949659 5.066657 5.215652 4.758752 5.353459 6.462147 3.379156 2.69173 2.691086 3.147518 2.683214 2.071849 1.920209 2.099033 2.140175 2.143926 2.143925 1.923297 1.527322 1.517691 1.517691 1.517691 1.517691 1.517691 1.517691 1.517691 1.517035 1.238061 1.175913 1.187086 1.244985 1.276211 1.289786 1.29718 1.297934 1.302252 1.310454 1.474006 1.346839 1.3308 1.359836 1.366701 1.366701 2.674865 28.54882 5.9289 2.577183 6.927671 18.69733 12.46187 2.577183 2.419106
1.372331 1.476394 1.801461 2.014256 1.642222 1.387452 1.446447 1.713906 1.784002 2.215275 1.554913 0.6495476 0.6835952 0.7668922 0.774371 0.774371 1.720412 3.303349 3.303368 3.50399 3.793511 3.957092 4.497694 2.996641 3.05647 2.899153 2.579271 2.245069 2.206637 6.988585 6.8579 7.727513 2.747551 2.143922 2.143922 2.143922 2.143922 2.046789 1.624169 1.326909 1.430501 1.471989 1.48794 1.412181 1.344147 1.385299 1.327138 1.178138 1.175912 1.175912 1.175912 1.175912 1.175999 1.176654 1.268193 1.302251 1.4248 1.856322 1.86258 1.799548 1.493139 1.3667 1.3667 1.3667 6.449371 2.327372 2.336846 1.728003 2.137009 2.404443 2.302354 1.693125
0.8498503 0.8501639 0.8571569 0.9704757 0.878459 0.9915345 0.9890046 0.878047 0.4932713 0.48414 0.5659641 0.5762554 0.5762554 0.5997997 1.186339 3.088648 3.758499 3.979305 4.048107 2.490927 2.597421 3.329221 3.618546 2.99938 2.949939 2.337 2.146021 6.985954 9.903242 9.142154 7.479271 14.8797 14.68913 3.050029 2.164105 2.152751 2.143925 1.836159 1.271799 1.271798 1.271799 1.271799 1.256615 1.175911 1.175911 1.175911 1.175911 1.175911 1.175911 1.175911 1.175911 1.175911 1.27054 1.4919 1.636514 1.697989 1.837927 1.872653 1.872653 1.872653 1.796388 1.502069 1.366702 1.366702 1.376008 1.406928 1.407616 1.407616 16.63452 91.36716 42.28311 1.407616
0.8378415 0.8501642 0.8501642 0.8542612 0.859121 0.8853031 0.8002092 0.4505761 0.4473996 0.4480617 0.5611169 0.5762552 0.5762552 0.5762552 0.5762552 2.825995 4.198676 4.318264 4.441826 2.744943 2.3704 2.401951 3.828264 3.999613 4.093527 3.789454 4.302528 5.176847 6.81637 7.000608 12.18479 15.89878 15.5823 4.173437 2.657015 2.56462 2.330949 2.137511 1.468166 1.271799 1.271797 1.2718 1.252394 0.932647 0.8404881 0.9352431 1.072798 1.170032 1.175911 1.175911 1.175911 1.175911 1.431731 1.547057 1.821564 1.76281 1.872651 1.872651 1.872651 1.872651 1.872651 1.824967 1.504264 1.366845 1.371889 1.400871 1.407617 1.407617 1.917614 105.9735 125.0596 15.69371
0.8501644 0.8501644 0.79731 0.601473 0.5713202 0.4775522 1.443902 0.4473994 0.4473994 0.4665987 0.5403674 0.7259416 0.7373478 0.6419406 1.807586 4.05344 3.367007 3.365946 5.510829 6.824741 3.300375 3.400183 18.19768 5.478539 4.097317 4.240385 4.222627 4.034616 4.356322 4.300197 4.180777 3.996295 6.979805 2.833266 2.676647 2.69009 3.224355 2.338487 1.901021 1.271799 1.271799 1.271799 1.271799 1.110336 0.5465863 0.4741052 0.4741052 0.5613232 0.9605128 1.175912 1.175912 1.123758 0.900086 0.8220474 0.8657629 1.036231 1.594327 1.872653 1.872653 1.872653 1.873236 1.887754 1.881753 1.712453 1.53732 1.407619 1.407619 1.407619 1.407619 1.407619 1.407619 1.407619
0.8501638 0.8501639 0.8464664 0.4636447 1.480539 69.83326 17.13727 0.5272717 0.6158543 0.5662068 1.701128 0.8967305 0.9342154 0.9342159 1.346509 1.718214 3.489532 4.01634 7.34166 5.980126 4.161381 16.48638 41.62695 21.80807 21.32277 12.76709 2.294373 2.222258 2.222259 2.222259 2.369768 2.439761 2.447811 2.626843 2.682143 2.781338 3.639952 3.54735 1.995383 1.538664 1.271801 1.271801 1.271801 1.058925 0.6796259 0.4741051 0.4741051 0.4741051 0.5552356 0.6997268 1.005635 0.917057 0.8057145 0.8057145 0.8057145 0.8057145 0.8108062 1.057853 1.25319 1.886994 1.899119 1.899733 1.900098 1.900098 1.749922 1.382144 1.363103 1.153782 1.278592 1.317951 1.407619 1.255852
0.8501658 0.8501682 0.8501831 0.557993 0.5995854 1.170136 1.170136 1.170137 2.029145 2.576522 2.460027 1.213885 0.9348444 0.9342177 0.9342168 2.078956 4.52249 3.985923 4.087998 4.221694 4.161379 7.781398 7.522449 10.9039 12.1954 12.97759 9.433781 18.71126 2.281676 2.222258 2.333728 2.439758 2.439857 2.594413 2.682141 2.695747 3.593326 3.519008 1.310676 1.271798 1.271798 1.271798 1.249134 0.5701016 0.4741048 0.4741051 0.4741051 0.4741051 0.4741048 0.4741048 0.4741048 0.5722994 0.7824964 0.8057148 0.8057148 0.8057148 0.8057148 0.8057148 0.9444424 1.888852 1.900097 1.900097 1.900097 1.900097 1.764062 0.9423682 0.7330028 0.7294569 0.7294569 0.7303583 0.8426322 0.7342247
0.9797837 0.9798651 0.9799418 0.9781109 1.236719 1.170134 1.170134 1.170134 2.015938 2.576523 2.576524 2.572348 1.471929 3.918109 6.712584 8.98762 8.084214 5.61234 4.873873 3.980025 5.350429 7.787791 4.436501 4.260603 4.260603 11.44546 28.34274 11.38861 2.222258 2.222256 2.292069 2.439755 2.439755 2.517759 2.682138 2.77736 3.639996 2.741274 1.272016 1.271798 1.271798 1.271797 0.8600319 0.474105 0.474105 0.474105 0.474105 0.474105 0.474105 0.474105 0.474105 0.474105 0.5402367 0.8057147 0.8057149 0.8057146 0.8057146 0.8057146 1.31399 1.900095 1.900095 1.900095 1.900095 1.509429 0.9210016 0.7294565 0.7294565 0.7294565 0.7294565 0.7294565 0.7294565 0.7294565
0.9800187 0.9800187 0.9800187 1.138704 1.757804 1.580143 1.503659 1.176808 1.328175 2.608337 3.240178 3.033461 53.97067 7.246199 5.930017 6.747663 9.131871 9.225253 9.469789 15.12843 17.64738 10.94812 5.798671 6.810029 9.259047 27.41466 24.43166 14.00824 14.09468 17.75115 26.938 9.055105 4.820975 4.794292 4.584002 4.336878 7.522602 9.719308 4.164705 1.5456 1.384894 1.30374 0.7766575 0.4741042 0.4741042 0.4741042 0.4741042 0.4741042 0.4741042 0.4741042 0.4741042 0.4741042 0.535583 0.8057135 0.8057135 0.8057135 0.8057135 0.805714 1.644933 1.900096 1.900097 1.900096 1.900096 1.117001 0.6879425 0.7294564 0.7294564 0.7294564 0.7294564 0.7294564 0.7294564 0.7294564
0.9800187 0.9800187 0.9800187 1.172122 1.343914 1.860644 4.122206 1.934525 5.621249 3.492795 5.990047 6.059447 16.36665 25.83668 11.34081 10.21531 21.67173 41.72837 30.6486 33.79553 25.31787 16.62355 13.04001 13.15156 13.26253 69.74396 69.27127 18.37143 42.38639 24.86174 45.51086 45.76581 19.33361 17.16899 14.36693 12.39086 12.29199 10.53441 6.631544 2.648353 2.553418 2.553418 2.507434 1.980034 0.9416873 0.4741049 0.4741049 0.4741049 0.4741049 0.4741049 0.4741049 0.4741049 0.6309645 0.8057148 0.8057145 0.8057148 0.8057148 0.8057148 0.8717474 1.821128 1.900098 1.900098 1.004888 0.3204497 0.4533482 0.5517599 0.5645928 0.7155413 0.7294576 0.7294576 0.7278503 0.7089794
1.04467 0.9800178 1.262473 1.103683 3.945294 6.041325 8.789273 3.44855 9.834219 14.45911 12.23857 6.362168 5.285358 5.812188 9.826147 10.27618 21.31021 64.44597 196.2646 75.34738 18.57558 13.98164 13.76616 13.44794 13.26252 21.50144 31.89972 82.56324 188.7484 26.66155 46.79025 42.36601 19.54115 17.2438 15.04308 12.39083 7.488317 6.207527 5.030256 2.553417 2.553417 2.553417 2.553417 2.553417 2.327106 1.119949 0.7462543 0.4741296 0.4741043 0.4741043 0.4741043 0.4741043 0.7439107 0.8057135 0.7880512 0.675261 0.8025327 0.8057135 0.8057135 1.33872 1.382431 1.20704 0.3163611 0.3038904 0.3038904 0.3038904 0.3038904 0.4379901 0.5548353 0.3976677 0.3143237 0.4093023
10.06399 7.212812 5.766934 22.68508 5.06012 9.049577 9.463641 6.865407 7.003369 17.89474 45.74578 24.37456 11.5392 11.13534 7.572528 7.508771 8.679871 31.68931 71.66901 56.23598 39.49369 24.491 28.1442 27.13915 20.12735 13.81385 16.03461 16.28027 21.04276 43.1734 335.5399 533.3911 33.53271 27.28405 15.10527 11.54001 6.200159 5.96068 5.694378 3.564702 2.942533 2.983425 2.784038 2.078238 1.186169 1.142702 1.142703 0.7028303 0.4741045 0.4741045 0.4741045 0.4741045 0.7407916 0.8057145 0.7664755 0.3038904 0.4145612 0.4618799 0.4226502 0.3094665 0.3038904 0.3038904 0.3038903 0.3038903 0.3038903 0.3038903 0.3038903 0.3038903 0.3038903 0.3038903 0.3038903 0.3268508
7.412217 7.266201 9.994802 10.96509 31.27753 20.15672 11.0983 7.923747 14.6238 488.1688 121.9096 27.66595 11.74214 9.108639 6.888633 6.919892 7.217902 13.60138 15.25234 16.84725 19.87224 33.66874 30.49826 22.33981 16.51904 4.90036 5.152418 5.357355 9.099715 29.06213 20.98958 13.99746 16.04264 16.75829 18.13887 12.5394 5.154312 5.154312 5.046277 4.830509 4.83051 4.83051 4.788906 4.473281 3.169465 1.820665 2.532127 3.25141 0.7656072 0.4741044 0.4741044 0.4901835 0.7997715 0.805714 0.8000612 0.3154241 0.3038903 0.3038903 0.3038903 0.3038903 0.3038903 0.3038903 0.3038903 0.3038903 0.3038903 0.3038903 0.3038903 0.3038903 0.3038903 0.3038903 0.3038903 0.3049626
24.47401 7.663215 10.59952 47.81548 62.46501 428.0881 57.87398 14.68603 16.18338 27.06147 28.58547 17.49473 25.8154 11.77005 10.4761 7.216994 10.25813 14.61286 14.79714 15.69307 15.62591 12.27509 12.27074 10.10136 4.834408 4.59219 4.573876 4.573876 4.573876 4.614303 4.956002 5.281733 7.186893 10.81839 18.13889 8.763224 5.154311 5.154311 5.108649 4.830506 4.830506 4.830506 4.830506 4.830506 4.830505 4.830505 4.830506 4.830506 2.170555 0.3637078 0.3628468 0.3992768 0.6497611 0.6831161 0.7151677 0.3752603 0.2995443 0.2994455 0.3015996 0.3037135 0.3038904 0.3038904 0.3038904 0.3038904 0.3038904 0.3038904 0.3038904 0.3038904 0.3038904 0.3038904 0.3038904 0.3038904
11.32247 9.903559 9.627608 19.58018 26.59046 16.77579 12.16012 9.128255 31.17713 7.181561 6.976619 6.133768 27.40316 6.774243 7.018817 6.92329 12.27914 14.78259 12.98169 12.8071 12.78674 13.64682 26.30385 24.76774 6.411899 6.321321 18.22169 25.9172 30.01076 22.85077 8.604795 5.267754 7.247376 11.41824 18.12733 6.608341 5.154315 5.154315 5.151975 4.894196 4.830513 4.830513 4.830513 4.830513 4.830513 4.830513 4.830513 4.825993 0.8592907 0.2342446 0.236518 0.2821272 0.2898493 0.2898493 0.2898493 0.2898493 0.2898493 0.2898493 0.2898493 0.2911796 0.2987587 0.3010221 0.3039546 0.3038909 0.3038909 0.3038909 0.3038909 0.3070289 0.6996638 1.297827 2.606204 5.482054
17.76688 18.15498 12.59618 8.864004 9.989219 6.986495 6.257089 6.372098 6.4363 6.599914 6.864685 6.26827 6.267434 8.418704 15.66871 15.33647 16.39095 16.24718 13.72992 18.61999 21.28537 22.77952 26.53649 24.88955 6.62841 6.411898 32.4424 57.27693 34.85229 10.21408 8.620203 4.574711 5.549011 7.083623 15.79374 7.488907 5.154313 5.154313 5.154313 5.043806 4.830509 4.830509 4.830509 4.830509 4.847182 5.623685 4.536134 1.714654 0.2342444 0.2342444 0.2342444 0.2607711 0.2898495 0.2898495 0.2898493 0.2898495 0.2898495 0.2898495 0.2898491 0.2898494 0.2898495 0.3134951 0.3491817 1.098731 1.439143 0.8433338 1.043861 1.914919 2.174011 2.174011 2.380173 6.16667
120.9762 51.1025 70.53568 28.58252 5.144391 4.689556 4.544991 13.31493 10.5543 3.049875 3.594568 4.635193 4.860054 14.44034 23.19696 22.50571 24.99422 16.84592 25.41341 29.72979 16.15177 7.36629 15.16149 21.75974 7.294091 3.695089 8.856437 15.74742 2.858852 1.752252 1.752252 1.752252 1.752252 1.761001 2.347395 1.852943 1.515155 2.035484 1.839635 1.354584 1.653305 2.374408 3.840985 4.985544 7.280095 7.153137 4.427535 3.387544 0.9680001 0.2417166 0.2342447 0.2439889 0.5081469 0.2898492 0.2898492 0.5569832 0.2981539 0.2898492 0.2898492 0.2898492 0.3041962 0.336668 0.3381839 0.4054878 1.700032 1.946368 2.042326 2.174014 2.506397 13.39246 103.161 102.243
660.3214 316.7284 96.08263 39.27899 18.31714 3.863673 2.567667 2.475822 2.4781 9.228171 10.40903 4.971311 3.944591 4.241292 6.161151 22.7372 22.69824 28.2798 32.62472 26.3204 6.701511 6.550397 6.550397 7.219447 3.498984 1.752255 1.752255 1.752255 1.752255 1.752255 1.752255 1.752255 1.684346 1.46012 1.076438 0.968033 0.1589625 0.1589624 0.1589626 0.1589626 0.1589626 0.2592119 1.357727 5.853504 8.291613 7.490025 4.427535 4.427537 4.427538 4.58982 9.311428 10.09886 8.215003 4.736245 8.304948 8.973368 3.517488 0.2930544 0.3002502 0.3208696 0.3376327 0.3381841 0.3381841 0.3381841 0.6084817 1.907056 1.956335 1.987649 10.91446 61.01201 120.4551 37.32074
101.2881 72.89831 64.86674 8.802354 11.97366 5.98917 2.447935 4.407784 12.91393 16.64235 16.47659 14.67962 9.013987 11.85067 12.79446 12.29261 19.77268 19.77269 30.25482 32.71115 8.021703 6.550397 6.550397 6.480171 1.421533 1.008475 1.019856 1.035184 1.041457 0.9846677 0.9020373 0.8299745 0.2776802 0.1589624 0.1589624 0.1589624 0.1589624 0.1589624 0.1589623 0.1589625 0.1589623 1.645619 8.291619 8.291612 8.29161 8.231234 5.499383 4.210675 4.427537 8.938622 14.00752 14.00752 32.17928 16.0884 9.183982 6.109997 0.545197 0.3380699 0.3381838 0.3381838 0.3381838 0.3381838 0.3381838 0.3381838 0.5072237 1.713509 1.946367 1.946367 1.946367 12.43579 7.923223 6.710989
19.06063 23.19036 19.70382 5.343359 2.446463 2.446463 14.15492 85.30749 118.9222 41.82846 42.03133 38.15342 18.42383 17.37363 17.37363 17.98315 19.24575 19.14202 26.74389 26.20526 7.39096 5.407878 5.394492 2.24371 0.4003587 0.4003587 0.4003587 0.4003587 0.4003587 0.3223034 0.1589624 0.1589624 0.1589624 0.1589624 0.1589624 0.1589624 0.1589624 0.1589624 0.1589624 0.1589624 0.1589624 2.292583 3.786661 3.722432 4.602085 2.254198 0.2342443 0.2806863 0.8566861 5.313528 5.894154 11.59562 51.2151 87.07867 32.0408 33.32881 23.86167 0.7288976 0.338184 0.338184 0.338184 0.338184 0.338184 1.103147 1.287066 1.946367 1.946367 1.946367 1.946367 154.4884 7.888148 5.203428
5.187879 2.268789 1.413139 5.016273 6.15571 4.514504 32.66032 68.05289 93.47759 68.56825 44.92527 19.41467 19.51359 18.22457 17.37362 17.24786 17.24217 17.24667 16.62824 4.698548 5.352372 0.9621096 0.548502 0.4003589 0.4003589 0.4003589 0.4003589 0.4003589 0.4003589 0.372166 0.1589933 0.1589623 0.1589622 0.1589623 0.1589623 0.1589623 0.1589623 0.1589623 0.1589623 0.1635859 0.2806875 0.495034 1.018649 0.9641542 0.9375081 0.7124129 0.5434652 0.2757606 0.2342448 0.2342448 1.088552 1.553179 1.890263 6.029572 31.4036 17.13369 79.76614 95.41262 2.443931 1.560846 12.67394 9.907192 13.48775 19.50356 6.425017 1.946368 1.946368 1.946368 134.9007 122.0695 5.004945 5.004945
3.299998 0.5198653 0.4482324 3.120723 5.228296 6.381066 6.774568 8.571412 37.04689 68.76012 76.05664 27.80498 20.56848 17.44915 7.713584 13.27607 17.24217 17.24601 12.07731 4.637047 5.575827 0.9600279 0.5403232 0.4003587 0.4003587 0.4003587 0.4003587 0.4003587 0.4003587 0.4003587 0.2109896 0.1589624 0.1589624 0.1589624 0.1589624 0.1589624 0.2161158 0.4819011 0.5697039 0.7567472 0.8379141 0.837914 0.837914 0.8379141 0.8379135 0.8379139 0.8379139 0.7721491 0.8850287 0.3726342 2.1834 0.8526741 1.862364 3.121785 3.115486 1.885233 49.05061 86.62656 33.39358 23.7028 103.817 20.9477 19.62869 12.97643 2.245121 1.946366 1.946366 99.27419 300.7356 46.52107 5.234112 5.280926
5.038728 2.161203 0.4482325 0.4482323 0.4482323 0.8491747 3.733819 6.895041 6.909472 62.54522 100.9115 15.89464 10.2333 5.515576 5.402596 14.47523 17.23434 17.24904 6.885027 5.276435 5.576055 0.9016973 0.5664222 0.4650733 0.400359 0.400359 0.4003592 0.400359 0.400359 0.400359 0.3112604 0.1589623 0.1589623 0.1589623 0.1589624 0.1589623 0.3356895 0.8379136 0.8379138 0.837914 0.837914 0.8379138 0.837914 0.8379139 0.837914 0.8379138 0.8379138 0.8379138 2.186464 3.347647 3.466798 2.023496 0.8310529 1.038499 3.156336 3.751645 3.357041 38.1908 35.31983 26.5176 70.0886 99.01863 63.35939 2.139517 1.946365 1.946364 1.946364 64.5916 170.2753 35.26101 11.67303 5.478862
7.258494 4.078671 0.4482321 0.4482322 0.4482322 0.5647553 1.314411 1.770123 17.85268 44.3199 13.51257 10.02469 5.402604 5.402604 5.562061 15.95257 17.15748 13.5302 4.49801 5.565602 5.570222 0.756391 0.5767114 0.5667483 0.4005506 0.4003597 0.4003597 0.4003597 0.4003597 0.4003597 0.3984248 0.3420701 0.1589625 0.1589625 0.1589625 0.1589625 0.1940869 0.5022914 0.8157024 0.8379146 0.8379146 0.9564633 1.030659 0.9951736 0.9959337 0.8422242 0.8379146 0.8379146 1.449648 3.476019 3.476019 3.230508 1.049739 0.831054 0.9217028 3.481583 3.981591 6.430965 19.70853 12.16974 89.88543 121.7321 92.3381 42.84671 8.588827 16.13518 35.5416 97.16335 160.9217 40.23371 26.40506 35.97365
7.99826 5.043284 1.268297 1.167533 1.175139 4.236979 1.705685 1.322509 7.63114 13.51255 13.51255 6.142483 5.402594 5.402594 9.826468 95.67171 17.31215 8.418953 5.009915 5.576053 5.109298 0.5767118 0.5767118 0.533764 0.4003594 0.4003594 0.4003594 0.4003591 0.4003594 0.4003594 0.4003594 0.2873716 0.1589624 0.1589625 0.1589625 0.1589623 0.1589623 0.1615234 0.5511438 0.8379148 0.8379148 1.018131 1.299547 1.350945 1.350945 1.165483 1.057497 1.014429 1.522795 3.130925 3.47602 3.467336 4.174881 3.140357 2.718682 5.297719 5.418321 14.96563 90.89922 92.73605 58.80757 40.23002 52.76264 53.02715 54.29416 83.49093 67.50954 67.29137 47.87643 32.97953 33.86942 37.61812
