data/glds00ag30.txt
ncols         720
nrows         286
xllcorner     -180
yllcorner     -58
cellsize      0.5000000000004
NODATA_value  -9999
[rows 32 to 63 of 286, columns 648 to 719 of 720]
0.06575769 0.06575769 0.06575769 0.06575769 0.06575769 0.06575769 0.06575769 0.06567488 0.06517584 0.0648182 0.06360264 0.06360058 0.06360058 0.06360058 0.06360058 0.06360057 0.06360056 0.06360058 0.06360058 0.06360058 0.06360057 0.06360058 0.06526566 0.07484809 0.0832326 0.09440723 0.09417117 0.0934794 0.101075 0.1043943 0.1043943 0.1043943 0.1043943 0.1043943 0.1043943 0.1043943 0.1043648 0.1026358 0.1024318 0.1024318 0.1024318 0.1024318 0.1024318 0.1024318 0.1024318 0.1024318 0.1852424 0.3184401 0.3184401 0.3184401 0.3184401 0.3184401 0.3184402 0.31844 0.3184401 0.3184401 0.3184401 0.3184401 0.3184401 0.2217015 0.1325073 0.1325073 0.1325073 0.1325073 0.1325073 0.1325073 0.1325073 0.1325073 0.1325073 0.1325073 0.1325073 0.1325073
0.06575762 0.06575762 0.06575762 0.06575762 0.06575762 0.06575762 0.06575762 0.06554143 0.06426508 0.0636538 0.06360053 0.06360052 0.06360053 0.06360053 0.06360046 0.0636005 0.06360047 0.06360053 0.06360053 0.06360053 0.06360053 0.06360051 0.0636005 0.06360053 0.06360053 0.06360053 0.06360053 0.06360053 0.07157633 0.1039 0.1036855 0.1034485 0.1034343 0.1033588 0.1028545 0.1029837 0.1030011 0.1024317 0.1024317 0.1024317 0.1024317 0.1024317 0.1024317 0.1024317 0.1024317 0.1024317 0.1651189 0.3023175 0.31844 0.31844 0.31844 0.31844 0.31844 0.31844 0.31844 0.31844 0.31844 0.31844 0.2989391 0.1984082 0.1084814 0.1325071 0.1325071 0.1325071 0.1325071 0.1325071 0.1325071 0.1325071 0.1325071 0.1325071 0.1325071 0.1325071
0.06575771 0.06575771 0.06575771 0.06575771 0.06575771 0.06570829 0.06496644 0.06727708 0.0769143 0.07950807 0.07562523 0.06444205 0.06360051 0.06360051 0.06360051 0.06360052 0.0636005 0.06360051 0.06360051 0.06360051 0.0636005 0.0636005 0.06360051 0.06360051 0.06360051 0.06360051 0.06360051 0.07130835 0.09845784 0.1024318 0.1024318 0.1024318 0.1024318 0.1024318 0.1024318 0.1024318 0.1024318 0.1024318 0.1024318 0.1024318 0.1024318 0.1024318 0.1024318 0.1024318 0.1024318 0.1024318 0.1080422 0.1752597 0.2401384 0.2483034 0.2929135 0.3057124 0.3184399 0.3184399 0.3184399 0.3180427 0.1847765 0.1683866 0.1007978 0.06039946 0.06595814 0.1100586 0.1286474 0.1325071 0.1325071 0.1325071 0.1324659 0.1323696 0.1324065 0.1325044 0.1324012 0.1321619
0.06555383 0.06575763 0.06416819 0.0530691 0.04956787 0.05456428 0.04385089 0.04497438 0.06525236 0.09750129 0.09750129 0.09605853 0.09273997 0.08084621 0.0686398 0.06360053 0.06360053 0.06360053 0.06360053 0.06360053 0.06360053 0.06360053 0.06360053 0.06360053 0.06360053 0.06360053 0.06360053 0.07638775 0.09274355 0.1017365 0.1024317 0.1024317 0.1024317 0.1024317 0.1024317 0.1024317 0.1024317 0.1024317 0.1024317 0.1024317 0.1024317 0.1024317 0.1024317 0.1024317 0.1024317 0.1024317 0.1024317 0.1024317 0.1024317 0.1024317 0.1024317 0.1046392 0.1975245 0.2535785 0.1722914 0.08185451 0.06039943 0.06039944 0.06039944 0.06039944 0.06039944 0.06039944 0.06052964 0.06851215 0.09408069 0.1304729 0.1311769 0.1311766 0.1311766 0.1312099 0.1311771 0.1311766
0.04302688 0.04947874 0.04183699 0.03967387 0.03967387 0.03967387 0.03967387 0.04660395 0.0588052 0.08746085 0.09750123 0.09750123 0.09750123 0.09750123 0.09744614 0.08940116 0.07028177 0.06360048 0.06360048 0.06360048 0.06360048 0.06360048 0.06360048 0.06360048 0.06360048 0.06360048 0.06360048 0.06360048 0.06478526 0.09010367 0.1024317 0.1024317 0.1024317 0.1024317 0.1024317 0.1024317 0.1024317 0.1024317 0.1024317 0.1024317 0.1024317 0.1024317 0.1024317 0.1024317 0.1024317 0.1024317 0.1024317 0.1024317 0.1024317 0.09434409 0.08075724 0.07320368 0.07076521 0.06062396 0.06039951 0.06039951 0.06039951 0.06039951 0.06039949 0.06039951 0.06039951 0.06039951 0.06039951 0.06039951 0.06039951 0.07171486 0.09314982 0.09210047 0.1096035 0.1293509 0.1311766 0.1311766
0.03967385 0.03967385 0.03967385 0.03967385 0.03967385 0.03967385 0.0408868 0.09310187 0.09750126 0.09750126 0.09750126 0.09750126 0.09750126 0.09750126 0.09750126 0.09750126 0.09708208 0.08439444 0.07561167 0.06651449 0.0722883 0.08003578 0.07839996 0.07922897 0.07151676 0.07307899 0.06360057 0.06931221 0.07862584 0.105388 0.1032413 0.1024316 0.1024316 0.1024316 0.1024316 0.1024316 0.1024316 0.1024316 0.1024316 0.1024316 0.1024316 0.1024316 0.1024316 0.1024316 0.08840628 0.08753431 0.0843996 0.07787177 0.0713641 0.06232152 0.06039936 0.06039936 0.06039936 0.06039936 0.06039936 0.06039936 0.06039936 0.06039936 0.06039936 0.06039937 0.06039936 0.06039936 0.06039936 0.06039936 0.06039936 0.06039936 0.06039936 0.06039936 0.06039936 0.1012783 0.1311766 0.1311766
0.03967386 0.03967386 0.03967386 0.03967386 0.03967386 0.03967386 0.03967386 0.0815232 0.09750136 0.09750136 0.09750136 0.09750136 0.09750136 0.09750136 0.09750136 0.09750136 0.09750136 0.09750136 0.09852614 0.1005523 0.09977263 0.1081082 0.1081082 0.1081082 0.1081082 0.1080985 0.1021774 0.1080964 0.1081082 0.107674 0.09478828 0.09918892 0.1024318 0.1024318 0.1024318 0.1024318 0.1024318 0.1024318 0.1024318 0.1024318 0.1024318 0.1024318 0.1014486 0.08302429 0.06057208 0.06039943 0.06039943 0.06039943 0.06039943 0.06039943 0.06039943 0.06039943 0.06039943 0.06039943 0.06039943 0.06039943 0.06039943 0.06039943 0.06039942 0.06039944 0.06039943 0.06039943 0.06039943 0.06039943 0.06039943 0.06039943 0.06039944 0.06039947 0.07004479 0.1116243 0.1311767 0.1311767
0.03967393 0.03967393 0.03967393 0.03967393 0.03967393 0.03967393 0.03967393 0.04776826 0.08375428 0.09750152 0.09750152 0.09750152 0.09750152 0.09750152 0.09750152 0.09750152 0.09750152 0.1018609 0.1054049 0.1081085 0.1081085 0.1081085 0.1081085 0.1081085 0.1081085 0.1081085 0.1081085 0.1081085 0.09241235 0.07721125 0.05504343 0.05508145 0.07042192 0.09123338 0.09476936 0.1023651 0.1024318 0.1024318 0.1024318 0.1024318 0.1024318 0.1024318 0.09525438 0.06171995 0.06039953 0.06039953 0.06039953 0.06039953 0.06039953 0.06039953 0.06039953 0.06039953 0.06039953 0.06039953 0.06039954 0.06039954 0.06039948 0.06039951 0.0603995 0.06039939 0.06039951 0.06039952 0.06039953 0.06039952 0.06039944 0.06039946 0.06039948 0.06939012 0.1093095 0.1071814 0.122144 0.1310186
0.09053189 0.03967388 0.03967388 0.03967388 0.03967388 0.03967388 0.03967388 0.0454723 0.09912274 0.09888389 0.09750124 0.1174978 0.0977476 0.09750124 0.09750124 0.09751534 0.09866428 0.1055152 0.1081082 0.1081082 0.1081082 0.1081082 0.1081082 0.1081082 0.1081082 0.1312619 0.1609849 0.1776638 0.1063722 0.05504332 0.05504332 0.05504332 0.05504332 0.05504332 0.05504332 0.06580794 0.07513876 0.07704263 0.06021471 0.04052369 0.04703369 0.06608756 0.0537785 0.05371616 0.055899 0.05546845 0.0582733 0.06039943 0.06039943 0.06039943 0.06039943 0.06039943 0.06039943 0.06039943 0.06039943 0.06039943 0.06039942 0.06039943 0.06039943 0.06039944 0.06039942 0.06039942 0.06039945 0.06039942 0.0603994 0.0603994 12.47955 0.06039941 0.06039943 0.06039944 0.06039942 0.08067204
0.2405921 0.2086735 0.1874457 0.1344427 0.1627866 0.2039528 0.1584007 0.1430788 0.4418036 0.5597529 0.5158773 0.5839151 0.3413235 0.4216167 0.4296583 0.1750052 0.1065678 0.1081082 0.1081082 0.1081082 0.1081082 0.1081082 0.1091117 0.1318713 0.1446173 0.1533341 0.1831145 0.1837477 0.1042956 0.05504336 0.05504336 0.05504336 0.05504336 0.05504336 0.05504336 0.05504336 0.05504336 0.05002611 0.03777397 0.03265998 0.03265998 0.03265998 0.03265998 0.03265998 0.03265998 0.03265998 0.03393171 0.04324894 0.04677002 0.05975828 0.06039938 0.06039938 0.06039938 0.06039938 0.06039938 0.06039938 0.06039938 0.06039938 0.06039938 0.06039938 0.06039938 0.06039938 0.06039938 0.06039938 0.06039938 0.06039938 0.06995345 0.1446815 0.1451423 0.1451421 -9999 -9999
0.2482157 0.2482157 0.2634805 0.4942818 0.5849003 0.5877481 0.5877481 0.5872635 0.6094346 0.5932152 0.5877481 0.6378239 0.6662732 0.6023064 0.4561576 0.1420193 0.1081081 0.1081081 0.1081081 0.1081081 0.1081081 0.1131078 0.1749635 0.1837478 0.1837478 0.1837478 0.1837478 0.1837478 0.1544612 0.06227886 0.05504326 0.05504326 0.05504326 0.05504326 0.05504326 0.05504326 0.05504326 0.04375985 0.03265996 0.03265996 0.03265996 0.03265996 0.03265996 0.03265996 0.03265996 0.03265996 0.03265996 0.03265996 0.03265996 0.03563395 0.04871809 0.06039934 0.06039934 0.06039934 0.06039934 0.06039934 0.06039934 0.06039934 0.06039934 0.06039934 0.06039934 0.06039934 0.06039934 0.06039934 0.06039934 0.0855032 0.1197049 0.1451421 0.1451422 0.1451421 -9999 -9999
0.2482165 0.2482165 0.3969551 0.5877492 0.5877492 0.5877492 0.5877492 0.5877492 0.7099309 1.033409 1.020182 1.049433 1.074415 0.9813931 0.4072979 0.1081083 0.1081083 0.1081083 0.1081083 0.1081083 0.1081083 0.1115439 0.1692571 0.1837481 0.1837481 0.1837481 0.1837481 0.1245674 0.0628375 0.05504334 0.05504334 0.05504334 0.05504334 0.05504334 0.05504334 0.05504334 0.05257658 0.04071402 0.03266004 0.03266004 0.03266004 0.03266004 0.03266004 0.03266004 0.03266004 0.03266004 0.03266004 0.03266004 0.03445971 0.0502168 0.06020607 0.06039949 0.06039949 0.06039949 0.06039949 0.06039949 0.06039949 0.06039949 0.06110971 0.06039949 0.06039949 0.06132042 0.07588691 0.09409764 0.0607755 0.07027379 0.1091684 0.1451423 0.1451423 0.1451423 0.145142 -9999
0.2482161 0.2482161 0.3301694 0.5877483 0.5877483 0.5877483 0.5865806 0.5877483 0.5877483 0.8853933 1.074415 1.074415 1.074415 1.074415 1.011973 0.4558003 0.1645428 0.1081083 0.1081083 0.1081083 0.1170456 0.1586163 0.181364 0.1837481 0.1837481 0.1837481 0.176836 0.07297151 0.05504329 0.05504329 0.05504329 0.05504329 0.05504329 0.05504329 0.05504329 0.05504329 0.05109537 0.03791048 0.03266001 0.03266 0.03266 0.03266 0.03266001 0.03266001 0.03266001 0.03266001 0.03266001 0.03266001 0.03266001 0.03604533 0.0439841 0.05290585 0.06039941 0.06039941 0.06039941 0.06420059 0.08119884 0.11 0.1411629 0.1338758 0.1408927 0.1423407 0.145142 0.1447989 0.1375235 0.1448982 0.145142 0.145142 0.145142 0.145142 0.1451421 0.1451421
0.2482159 0.2946948 0.5527534 0.5624797 0.5356159 0.4543349 0.4345634 0.4810629 0.4503517 0.5109566 0.814369 1.074414 1.074414 1.074414 1.074414 1.073629 0.4103917 0.1527482 0.1817321 0.1213397 0.1374473 0.1809292 0.1837479 0.1837479 0.1837479 0.1725947 0.1074041 0.05504333 0.05504333 0.05504333 0.05504333 0.05504333 0.05504333 0.05504333 0.05504333 0.05504333 0.05160336 0.03714331 0.03266 0.03265999 0.03266001 0.03265995 0.03265996 0.03265996 0.03265996 0.03265996 0.03265996 0.03265996 0.03265996 0.03265996 0.03265996 0.05514552 0.09538566 0.09843264 0.1038173 0.124548 0.1262266 0.1279746 0.1248033 0.1261726 0.1435446 0.1451422 0.1451422 0.1451421 0.1451421 0.1451421 -9999 -9999 0.1451421 0.1451421 0.1451421 -9999
0.1501305 0.1097816 0.1333219 0.1070816 0.2828209 0.4181634 0.4181634 0.4181634 0.4181634 0.4181634 0.425661 0.5515532 0.9552205 1.073715 1.048751 1.019868 0.9578478 0.9525904 0.6879867 0.1837479 0.1837479 0.1837479 0.1837479 0.1837479 0.1837479 0.1778125 0.08381842 0.05504334 0.05504335 0.05504333 0.05504332 0.05504333 0.05504335 0.05504333 0.05504333 0.05504333 0.04960138 0.03266 0.03265999 0.03265999 0.03265999 0.03265997 0.03265997 0.03265997 0.03265997 0.03280112 0.03275073 0.04101861 0.0665217 0.08003326 0.09728348 0.1231839 0.1234873 0.1234873 0.1234873 0.1234873 0.1234873 0.1234873 0.1234873 0.1234874 0.1301223 0.1451421 0.1451421 -9999 -9999 -9999 -9999 -9999 -9999 -9999 -9999 -9999
0.1015102 0.1015102 0.1015102 0.1015102 0.1050606 0.3001915 0.3550228 0.4127476 0.4180402 0.4181635 0.4181635 0.4181635 0.5156198 0.669086 1.014242 1.017667 1.017667 0.9241107 0.4864092 0.1837975 0.1838903 0.1837922 0.1850756 0.1846987 0.183802 0.1837479 -9999 -9999 -9999 -9999 -9999 0.05504334 0.05504336 0.05504334 0.05504336 0.05504337 0.05504334 -9999 0.03265999 0.03265999 0.03266 0.03266 0.03295745 0.07366972 0.09001416 0.09787672 0.1146592 0.1217487 0.1234874 0.1234874 0.1234874 0.1234874 0.1234874 0.1234874 0.1234874 0.1234874 0.1234875 0.1234874 0.1234874 -9999 -9999 -9999 -9999 -9999 -9999 -9999 -9999 -9999 -9999 -9999 -9999 -9999
0.1015101 0.1015101 0.1015101 0.1176881 0.1432073 0.1850335 0.1868091 0.2279056 0.2076032 0.32714 0.3449707 0.3439948 0.4179053 0.4277423 0.9452871 0.9464004 0.6606246 0.3947753 0.1868091 0.1865229 0.1867217 0.1866922 0.1868091 0.1868091 0.186809 -9999 -9999 -9999 -9999 -9999 -9999 0.05504333 0.05504335 0.05504334 0.05504334 -9999 0.1722482 0.1722483 0.1722483 0.09033556 0.05039762 0.08848374 0.1191961 0.1234875 0.1234875 0.1234875 0.1234875 0.1234875 0.1234875 0.1234875 0.1234875 0.1234875 0.1234875 0.1234875 0.1234875 0.1234873 0.1234874 -9999 -9999 -9999 -9999 -9999 -9999 -9999 -9999 -9999 -9999 -9999 -9999 -9999 -9999 -9999
0.10151 0.10151 0.1016694 0.1419644 0.150955 0.179619 0.1868089 0.1868089 0.1868089 0.1868089 0.1868089 0.1868089 0.3535062 0.8955302 0.5762606 0.1891979 0.1868089 0.1868089 0.1868089 0.1868089 0.1868088 0.186809 0.186809 -9999 -9999 -9999 -9999 -9999 -9999 -9999 -9999 -9999 -9999 -9999 0.1719856 0.1722482 0.1722481 0.1722481 0.1722481 0.1722481 0.1526395 0.1344201 0.1234874 0.1234874 0.1234875 0.1234874 0.1234874 0.1234874 -9999 -9999 0.1234874 0.1234874 0.1234873 0.1234874 -9999 -9999 -9999 -9999 -9999 -9999 -9999 -9999 -9999 -9999 -9999 -9999 -9999 -9999 -9999 -9999 -9999 -9999
0.1015102 0.1015102 0.1015102 0.1015102 0.1015102 0.1060133 0.1823652 0.1868088 0.1868088 0.1868088 0.1868089 0.1868088 0.3533022 60.61652 6.459903 0.1868088 0.1868088 0.1868088 0.1868088 0.1868088 0.1868089 0.186809 -9999 -9999 -9999 -9999 -9999 -9999 -9999 -9999 -9999 -9999 0.1451809 0.1451808 0.1453817 0.1654487 0.1722482 0.1722482 0.1722483 0.1722482 0.1313162 0.1247468 0.1234874 -9999 0.1234874 0.1234874 -9999 -9999 -9999 -9999 -9999 -9999 0.1234874 -9999 -9999 -9999 -9999 -9999 -9999 -9999 -9999 -9999 -9999 -9999 -9999 -9999 -9999 -9999 -9999 -9999 -9999 -9999
0.1015102 0.1015102 0.1015102 0.1015102 0.1015102 0.1255846 0.186809 0.186809 0.1868089 0.186809 0.186809 -9999 86.62605 86.62605 0.1868091 0.1868089 0.186809 0.1868091 0.1868089 0.1868088 0.186809 0.1868089 0.186809 0.186809 -9999 -9999 -9999 -9999 -9999 -9999 -9999 0.1451809 0.145181 0.145181 0.145181 0.1583185 0.170534 0.1722482 0.1722482 0.1722482 0.1722482 0.1722482 -9999 -9999 -9999 -9999 -9999 -9999 -9999 -9999 -9999 -9999 -9999 -9999 -9999 -9999 -9999 -9999 -9999 -9999 -9999 -9999 -9999 -9999 -9999 -9999 -9999 -9999 -9999 -9999 -9999 -9999
-9999 -9999 -9999 -9999 -9999 -9999 -9999 -9999 -9999 -9999 -9999 -9999 86.62605 86.62605 0.186809 0.186809 0.186809 0.186809 -9999 -9999 -9999 -9999 -9999 -9999 -9999 -9999 -9999 -9999 -9999 -9999 0.1451809 0.1451807 0.1451809 0.1454643 0.1558402 0.1710958 0.1722481 0.1722481 0.1722482 0.1722482 0.1722481 0.1722482 -9999 -9999 -9999 -9999 -9999 -9999 -9999 -9999 -9999 -9999 -9999 -9999 -9999 -9999 -9999 -9999 -9999 -9999 -9999 -9999 -9999 -9999 -9999 -9999 -9999 -9999 -9999 -9999 -9999 -9999
-9999 -9999 -9999 -9999 -9999 -9999 -9999 -9999 -9999 -9999 -9999 -9999 -9999 -9999 -9999 -9999 -9999 -9999 -9999 -9999 -9999 -9999 -9999 -9999 -9999 -9999 -9999 0.1451809 0.1451809 0.1451808 0.1451811 0.145181 0.145181 0.1526151 0.1722483 0.1722483 0.1722482 -9999 0.1722482 0.1722482 -9999 -9999 -9999 -9999 -9999 -9999 -9999 -9999 -9999 -9999 -9999 -9999 -9999 -9999 -9999 -9999 -9999 -9999 -9999 -9999 -9999 -9999 -9999 -9999 -9999 -9999 -9999 -9999 -9999 -9999 -9999 -9999
-9999 -9999 -9999 -9999 -9999 -9999 -9999 -9999 -9999 -9999 -9999 -9999 -9999 -9999 -9999 -9999 -9999 -9999 -9999 -9999 -9999 -9999 -9999 -9999 -9999 0.1451809 0.1451809 0.1451809 0.145181 0.145181 0.145181 0.145181 0.172498 0.2008035 0.1722484 0.1722484 0.1722482 0.1722482 0.1722481 -9999 -9999 -9999 -9999 -9999 -9999 -9999 -9999 -9999 -9999 -9999 -9999 -9999 -9999 -9999 -9999 -9999 -9999 -9999 -9999 -9999 -9999 -9999 -9999 -9999 -9999 -9999 -9999 -9999 -9999 -9999 -9999 -9999
-9999 -9999 -9999 -9999 -9999 -9999 -9999 -9999 -9999 -9999 -9999 -9999 -9999 -9999 -9999 -9999 -9999 -9999 -9999 -9999 -9999 -9999 -9999 -9999 -9999 0.1451808 0.1451809 0.1451809 0.1451809 0.1451809 0.1451809 0.1689445 0.4479699 0.5150033 0.4662673 0.4076895 0.4097911 0.3907676 0.1722482 -9999 -9999 -9999 -9999 -9999 -9999 -9999 -9999 -9999 -9999 -9999 -9999 -9999 -9999 -9999 -9999 -9999 -9999 -9999 -9999 -9999 -9999 -9999 -9999 -9999 -9999 -9999 -9999 -9999 -9999 -9999 -9999 -9999
-9999 -9999 -9999 -9999 -9999 -9999 -9999 -9999 -9999 -9999 -9999 -9999 -9999 -9999 -9999 -9999 -9999 -9999 -9999 -9999 -9999 -9999 -9999 0.1451809 0.1451809 0.1451811 0.1444418 0.1165676 0.1192793 0.1342909 0.1339603 0.4271706 0.5155333 0.5155333 0.5155333 0.5155333 0.5155333 0.5155329 0.5155333 -9999 -9999 -9999 -9999 -9999 -9999 -9999 -9999 -9999 -9999 -9999 -9999 -9999 -9999 -9999 -9999 -9999 -9999 -9999 -9999 -9999 -9999 -9999 -9999 -9999 -9999 -9999 -9999 -9999 -9999 -9999 -9999 -9999
-9999 -9999 -9999 -9999 -9999 -9999 -9999 -9999 -9999 -9999 -9999 -9999 -9999 -9999 -9999 -9999 -9999 -9999 -9999 -9999 -9999 -9999 -9999 0.1451809 0.145181 0.145181 0.1448924 0.1249695 0.1066528 0.09995561 0.2973138 0.5155333 0.5155332 0.5155333 0.5155331 0.5155333 0.5155335 0.5155333 0.5155331 -9999 -9999 -9999 -9999 -9999 -9999 -9999 -9999 -9999 -9999 -9999 -9999 -9999 -9999 -9999 -9999 -9999 -9999 -9999 -9999 -9999 -9999 -9999 -9999 -9999 -9999 -9999 -9999 -9999 -9999 -9999 -9999 -9999
-9999 -9999 -9999 -9999 -9999 -9999 -9999 -9999 -9999 -9999 -9999 -9999 -9999 -9999 -9999 -9999 -9999 -9999 -9999 -9999 -9999 -9999 -9999 0.1755743 0.1395889 0.1300934 0.1308801 0.1195694 0.1002767 0.1685887 0.2365838 0.5475931 0.5505032 0.5290228 0.5155334 0.515533 0.5155332 -9999 -9999 -9999 -9999 -9999 -9999 -9999 -9999 -9999 -9999 -9999 -9999 -9999 -9999 -9999 -9999 -9999 -9999 -9999 -9999 -9999 -9999 -9999 -9999 -9999 -9999 -9999 -9999 -9999 -9999 -9999 -9999 -9999 -9999 -9999
-9999 -9999 -9999 -9999 -9999 -9999 -9999 -9999 -9999 -9999 -9999 -9999 -9999 -9999 -9999 -9999 -9999 -9999 -9999 -9999 -9999 -9999 -9999 0.2004592 0.1357455 0.1099974 0.1009172 0.09995557 0.2782846 0.5762543 0.5841382 0.5841382 0.5792955 0.5328279 0.5207553 0.522228 -9999 -9999 -9999 -9999 -9999 -9999 -9999 0.6716987 0.6716984 -9999 -9999 -9999 -9999 -9999 -9999 -9999 -9999 -9999 -9999 -9999 -9999 -9999 -9999 -9999 -9999 -9999 -9999 -9999 -9999 -9999 -9999 -9999 -9999 -9999 -9999 -9999
-9999 -9999 -9999 -9999 -9999 -9999 -9999 -9999 -9999 -9999 -9999 -9999 -9999 -9999 -9999 -9999 -9999 -9999 -9999 -9999 -9999 -9999 -9999 0.200459 0.200459 0.200459 0.1875666 0.3213035 0.5814171 0.5840425 0.5757829 0.5627618 0.543941 0.5410423 0.5410423 0.5410424 0.5410421 -9999 -9999 -9999 -9999 -9999 -9999 -9999 0.6716986 0.6716986 0.6716986 0.6716986 0.6716986 -9999 -9999 -9999 -9999 -9999 -9999 -9999 -9999 -9999 -9999 -9999 -9999 -9999 -9999 -9999 -9999 -9999 -9999 -9999 -9999 -9999 -9999 -9999
-9999 -9999 -9999 -9999 -9999 -9999 -9999 -9999 -9999 -9999 -9999 -9999 -9999 -9999 -9999 -9999 -9999 -9999 -9999 -9999 -9999 -9999 -9999 0.2004589 0.2004589 0.2004589 0.2038008 0.4909692 0.5841365 0.56237 0.5412653 0.5410416 0.5410417 0.5410421 0.541042 -9999 -9999 -9999 -9999 -9999 -9999 -9999 -9999 -9999 -9999 -9999 -9999 -9999 0.6716986 -9999 -9999 -9999 -9999 -9999 -9999 -9999 -9999 -9999 -9999 -9999 -9999 -9999 -9999 -9999 -9999 -9999 -9999 -9999 -9999 -9999 -9999 -9999
-9999 -9999 -9999 -9999 -9999 -9999 -9999 -9999 -9999 -9999 -9999 -9999 -9999 -9999 -9999 -9999 -9999 -9999 -9999 -9999 -9999 -9999 -9999 0.200459 0.2203597 0.2679358 0.3601379 0.5420601 0.5441543 0.5410433 0.5410416 0.5410419 -9999 -9999 -9999 -9999 -9999 -9999 -9999 -9999 -9999 -9999 -9999 -9999 -9999 -9999 -9999 -9999 -9999 -9999 -9999 -9999 -9999 -9999 -9999 -9999 -9999 -9999 -9999 -9999 -9999 -9999 -9999 -9999 -9999 -9999 -9999 -9999 -9999 -9999 -9999 -9999
-9999 -9999 -9999 -9999 -9999 -9999 -9999 -9999 -9999 -9999 -9999 -9999 -9999 -9999 -9999 -9999 -9999 -9999 -9999 -9999 -9999 -9999 -9999 -9999 0.5128401 0.5129331 0.5321461 0.5404496 20.81112 124.4443 0.541042 0.5410421 0.5410421 -9999 -9999 -9999 -9999 -9999 -9999 -9999 -9999 -9999 -9999 -9999 -9999 -9999 -9999 -9999 -9999 -9999 -9999 -9999 -9999 -9999 -9999 -9999 -9999 0.1169855 -9999 -9999 -9999 -9999 -9999 -9999 -9999 -9999 -9999 -9999 -9999 -9999 -9999 -9999
