data/glds00ag30.txt
ncols         720
nrows         286
xllcorner     -180
yllcorner     -58
cellsize      0.5000000000004
NODATA_value  -9999
[rows 96 to 127 of 286, columns 432 to 503 of 720]
211.3333 124.8243 124.0774 122.3258 76.7475 73.31297 73.85215 110.1746 142.6217 157.3023 156.098 137.0271 67.56197 50.88738 50.86898 52.0341 70.69225 75.69894 56.96951 61.14642 122.4361 43.10492 47.29316 46.27919 46.27919 52.25531 39.58695 61.11468 114.6233 109.0029 86.99619 75.86872 167.8362 536.5544 87.32776 78.60622 159.6618 117.2267 32.4487 8.05676 16.38316 24.42879 28.75013 29.12526 47.14273 42.72921 64.75612 121.2988 101.7825 9.796027 12.83902 19.37997 10.76646 9.59594 10.14658 14.26008 13.96954 16.44811 18.38447 41.22926 63.53923 110.4565 206.1722 22.18433 66.05927 216.9239 132.8486 81.96828 36.20271 30.18153 15.58816 6.141479
209.431 121.6379 76.80464 76.80466 75.02782 73.05083 72.74731 65.99231 137.9372 157.3022 114.3701 50.6317 50.6317 50.6317 50.8552 69.12411 77.69994 85.06903 80.20845 67.53376 58.67133 41.76166 32.07013 27.5139 39.06046 49.98419 55.77795 58.37148 97.06247 86.80457 313.5303 51.41573 114.2683 173.7836 86.60317 81.15144 17.03955 8.407912 5.281043 5.281043 5.281043 17.36133 28.52645 28.52645 43.96683 53.12406 127.3995 181.1815 168.3463 36.02939 14.27118 14.9056 7.444442 5.847934 8.201475 13.41657 17.12929 39.53015 36.24864 46.84391 55.80756 55.77671 37.95515 36.73584 51.258 89.51939 56.60223 22.28262 16.26132 12.89651 10.53757 24.70534
285.6816 154.1487 94.69042 78.11175 73.53895 72.74724 72.47588 35.74915 34.00468 112.8781 116.7583 50.63172 50.63172 50.63172 58.25798 79.4573 106.9141 101.3785 88.14734 87.50102 60.22582 55.71424 40.00783 28.66652 38.91203 58.0684 71.38619 75.4863 68.44298 362.8962 3440.293 277.9984 60.02001 24.19648 28.54069 17.11489 8.483165 6.140052 5.281045 5.281045 5.281045 7.970827 26.00211 28.71361 30.22657 29.18445 55.63611 83.04182 105.978 86.95 21.28797 6.090506 5.619239 5.619239 8.480007 21.29176 34.5155 90.60925 28.07304 14.43968 47.94521 31.01069 27.09847 18.85154 26.34939 61.7771 25.17541 20.21231 12.30678 2.224068 7.709968 40.77327
387.5147 304.4709 326.4292 276.8122 164.7576 29.98197 35.31657 25.87355 25.87355 25.87355 30.87471 46.03035 50.49073 50.63175 53.67456 109.0689 103.6312 64.89986 76.333 85.23523 54.99741 112.6484 96.75659 55.37683 62.75051 74.70894 64.32528 26.67095 26.76993 83.01273 216.2224 235.3771 15.79316 12.43925 10.49379 10.35818 7.900383 5.281044 5.281045 5.281045 5.589082 15.67926 20.18589 28.52356 23.90004 22.03617 24.47403 24.61813 30.25412 32.76621 16.45653 9.20227 16.33723 18.52726 17.41542 11.76129 11.93912 18.81535 13.78774 10.52054 10.91875 13.93391 15.65032 14.1633 11.1772 34.32169 173.1088 67.958 18.47783 18.68236 31.21227 166.1576
251.552 57.90931 50.57617 21.95758 17.11484 13.0257 13.32408 22.8568 25.87357 25.87357 15.29046 11.65158 13.18594 17.68508 36.50851 40.22986 43.58481 43.31433 71.91497 71.50083 54.58775 86.25777 112.5209 90.60197 94.74541 154.479 130.5804 30.62794 58.54302 86.31744 90.92487 95.92486 9.191513 9.503708 10.36225 10.36224 8.082261 5.281052 5.281051 5.281051 4.166312 2.346488 1.618944 9.37785 15.43117 19.68107 23.4581 17.69493 18.28113 27.25829 11.7577 13.045 45.81935 25.00301 25.0399 12.89934 6.84053 9.126472 11.70811 11.975 23.8666 18.44157 21.93847 35.72433 34.93481 96.31325 635.3437 101.2328 93.33923 94.23517 111.19 259.7686
109.4088 38.86933 13.60609 13.02569 13.0257 13.0257 13.02569 14.12613 22.58247 16.43509 10.42483 10.25062 10.25062 10.25062 29.60427 33.35551 36.63857 53.50122 52.64624 43.74804 49.33018 125.9198 153.459 78.74178 96.71368 128.5081 86.95803 91.22545 64.03277 63.21539 45.65882 42.48967 33.77225 5.217637 3.872148 3.935491 2.585669 2.427812 2.528667 2.425937 1.241311 1.24131 4.01533 5.845553 8.054358 12.40421 12.51933 12.13033 12.39344 10.48267 8.884729 25.59419 177.2943 35.65744 18.52709 10.51666 7.287851 7.363865 10.62946 18.70681 21.72275 31.66018 32.42802 31.78697 33.01545 100.6599 543.696 48.71407 197.4228 155.2962 273.6424 941.4093
75.84105 66.80018 55.52769 17.07629 13.02569 13.02569 12.50499 11.15709 10.2619 10.25061 10.25061 10.25061 10.25061 10.25061 10.49692 22.75289 475.9782 53.53511 52.88544 59.68459 67.19855 53.71442 66.51071 59.06015 68.50978 145.0541 80.50746 57.8313 54.57214 35.03429 39.46168 25.15896 10.56602 4.498549 1.73767 1.667303 1.667303 1.667303 1.6331 1.241311 1.241308 1.241308 3.349797 4.621126 5.319816 7.553166 10.09394 10.24696 10.08661 6.789267 4.986231 3.499161 8.248645 3.508442 10.21775 11.19487 12.6006 14.16436 14.72522 19.45441 20.36581 27.9271 23.1614 16.06527 288.541 125.1554 82.28304 81.13848 112.4022 126.9632 221.8816 581.4537
120.0884 49.82908 65.52389 62.0717 24.55743 8.199532 10.26151 10.25063 10.25063 10.25063 10.25063 10.1315 10.0221 10.1558 9.91971 122.2302 1194.097 834.9766 47.89299 46.19514 19.75758 17.30006 37.93187 38.46809 47.65408 55.42287 37.88381 25.66097 45.94207 67.22456 41.76793 24.34007 13.03809 4.187198 1.667303 1.667303 1.667304 1.722552 3.043284 1.437847 1.241312 1.241312 1.241311 2.729821 5.907869 9.876199 11.43038 11.65169 11.10006 5.232793 2.228316 8.763882 15.22819 13.77106 8.096329 6.554602 15.21136 16.16315 19.84827 22.32031 13.18971 19.4342 50.01616 54.8326 195.9451 61.7233 60.08757 87.93845 116.1852 173.0636 163.9375 175.1868
154.3902 9.862666 22.01573 27.35181 5.079695 4.488163 9.264687 10.25063 10.25063 10.24942 9.534856 8.980275 8.949179 8.977572 8.949174 9.984015 227.0211 119.5074 47.05104 40.04375 37.5652 21.65197 12.60619 25.66661 63.51126 83.90299 65.7478 25.57248 27.66832 85.02945 141.0294 207.1814 130.786 75.4374 2.192837 2.274203 2.622438 3.134062 3.275172 3.140339 1.914972 1.24131 1.24131 1.244688 6.810202 11.84972 11.84972 11.84972 11.84972 6.862004 2.559407 6.521781 15.60604 9.701382 4.760117 3.584064 8.00998 21.38202 25.87443 31.85448 16.68931 19.433 21.12021 39.88005 22.47151 19.39483 51.16369 124.3736 167.2194 307.7054 180.4896 182.3625
333.6605 13.8634 4.608733 4.468212 4.468212 4.468212 4.938806 8.229728 9.841853 9.331401 8.949191 8.94919 8.949183 8.949188 8.94919 11.74806 68.67355 131.8572 79.53024 43.58823 39.4517 34.04306 31.78967 39.73581 93.97687 72.47791 45.2903 45.64753 36.6097 107.477 125.5295 109.8449 135.8897 123.0378 27.21948 37.35182 27.36313 3.251028 3.032956 2.883789 2.72009 1.9986 1.241311 1.241311 3.341295 9.15722 6.959399 2.93394 4.806638 6.480292 8.130088 10.36665 28.16615 11.60445 4.702142 2.949655 7.216394 28.26927 22.98278 10.35359 10.98776 13.25651 19.70098 11.19772 8.664929 2.0692 57.66389 120.7633 138.5704 141.8427 150.759 157.8926
192.8858 60.57842 58.78838 13.07629 2.566327 1.790043 1.374634 1.374571 2.357886 5.520226 8.489737 8.949192 8.949192 8.949192 13.37641 24.23278 27.15835 84.11295 58.39413 65.64226 68.83591 35.5102 34.02766 33.90789 87.71979 103.0864 61.67101 50.33221 39.25009 35.43871 36.22943 33.81137 93.72451 101.8424 66.96814 31.39881 32.6703 4.064179 2.825836 4.558823 9.975387 13.35126 10.38039 6.139766 1.964143 1.219922 1.219922 1.219922 1.219922 2.463245 4.962013 5.636183 2.968318 2.520769 6.391639 13.17237 26.07193 46.11242 17.1167 168.0622 7.958264 8.953495 9.092227 12.8763 13.46617 8.122516 19.14666 40.61874 124.9646 126.4066 136.1974 140.6735
11.0483 4.088843 2.156421 1.37457 1.37457 1.37457 1.37457 1.37457 1.37457 1.37457 1.772828 4.712483 8.218773 9.129278 22.03235 25.4398 25.45323 31.59924 8.050347 42.26618 75.30512 57.42493 68.15553 50.86073 104.4224 125.2429 86.31915 49.73325 43.34373 47.11024 35.61954 17.41811 22.20411 15.67295 9.368619 10.1704 9.614871 6.29325 7.502635 9.709004 14.15948 13.10921 12.99633 12.99633 12.53282 8.546852 2.662305 1.219924 1.219924 1.452986 44.99823 42.31599 4.576658 2.830234 5.696434 10.07933 39.53936 21.75822 16.35784 44.23412 7.671229 39.07122 42.73256 25.43586 19.67511 19.45633 18.94108 21.06294 78.03397 139.8637 164.607 200.3015
4.850474 1.837012 1.837003 1.604808 1.37457 3.143796 4.849487 4.296571 3.215146 3.129633 1.915773 1.379431 1.549795 5.295928 25.15862 25.43976 20.72756 7.190339 6.777956 25.34362 42.52536 81.24791 108.3538 114.3333 106.6818 53.36187 53.29132 53.5118 48.15149 43.81995 53.71786 29.85734 17.24351 14.57925 8.638487 7.624782 7.926253 7.00396 19.45026 30.91139 19.43082 17.29888 12.99634 12.99634 12.99634 12.99634 10.40101 6.700286 9.047241 6.252031 58.42405 31.1516 8.258252 2.30742 2.639032 2.781152 4.826692 7.42992 9.433648 5.243367 36.11453 81.98125 57.28532 27.97887 23.4969 23.1384 22.60365 23.29371 80.10915 160.2996 249.1535 311.6328
1.837016 1.837018 1.837018 2.320026 4.324213 4.895994 5.272819 5.272819 5.272819 5.272819 5.272819 3.191592 1.374573 1.374573 5.733922 20.09676 9.481797 6.777961 6.777961 6.777961 6.777961 78.26723 106.3695 102.429 116.8312 100.488 54.55551 54.60246 35.35139 33.4163 26.71545 24.20782 38.32082 42.75844 36.1678 6.840055 7.702379 7.199112 10.74733 20.56033 27.271 17.03701 12.96771 12.99635 12.99635 12.99634 13.6429 16.28998 16.28997 14.7033 21.94266 1.902675 1.902674 2.007194 2.076152 4.454593 5.234486 0.5156304 0.1146318 1.034834 60.47268 168.1816 95.02206 25.72751 30.36585 32.44291 30.81499 34.16024 103.3599 193.2297 462.1798 659.6813
1.837018 1.573614 1.416996 1.495607 3.066711 5.185793 5.272815 5.272815 5.272815 5.227763 3.793289 1.818733 1.37457 1.37457 1.37457 9.900189 6.777956 6.777956 6.777956 6.777956 6.777956 72.19176 29.84175 21.32014 236.6151 118.5117 -9999 54.64709 22.13323 34.53902 40.09206 55.29052 116.1157 125.4558 90.39216 14.64595 10.37072 13.40773 14.68735 15.15416 13.5335 11.55447 12.49688 13.32787 13.02237 13.29077 14.45808 16.28997 16.28997 15.4071 4.209391 2.540439 1.917434 1.896709 1.894125 4.125587 4.902758 0.7184361 0.8711509 2.499612 43.19811 38.52091 26.75426 27.41924 22.05765 14.94372 19.65825 69.64381 125.6531 216.3542 663.8561 503.1096
1.541228 1.374576 1.374574 1.374574 1.374574 3.304012 5.272819 5.272819 5.272819 3.353013 1.374574 1.374574 1.374574 1.374574 1.374574 1.419398 2.739323 4.403315 4.858271 5.244191 6.421463 40.70148 20.52708 232.9265 1186.052 -9999 -9999 -9999 16.77092 104.2499 54.21158 50.80008 122.321 130.2627 139.7837 51.88045 20.56003 11.81501 14.55236 15.16713 13.16077 11.81924 15.24859 14.97003 13.73559 13.72667 14.3227 16.28997 16.28999 16.28999 13.51839 4.550354 4.268651 4.104636 4.353645 4.555819 4.584043 4.537515 4.537192 4.519644 16.38867 21.72393 23.50673 39.52742 30.83002 16.66582 17.85387 81.95908 162.9785 281.3411 250.3968 139.4942
3.68821 2.403066 2.169467 2.836065 1.374571 3.224792 5.272811 5.174618 4.718887 3.400167 3.366879 3.169685 2.905747 1.735381 1.376126 1.374571 1.374571 1.374571 1.374571 3.712034 5.33151 5.331511 5.459164 52.97703 61.76427 -9999 -9999 -9999 -9999 196.4165 27.72194 22.87981 23.06629 26.73221 41.99109 53.32746 29.15488 18.50135 13.03894 9.364964 10.78897 11.82821 15.53962 15.94652 15.17448 13.89428 11.88652 12.01901 13.73611 10.36284 12.89411 7.500212 4.55101 4.537509 4.537508 4.537509 4.533278 4.507635 4.472699 4.452335 20.02185 19.68689 26.34899 43.5232 73.58263 39.86177 32.0154 141.0512 220.535 257.1864 116.7005 110.6451
5.823383 5.823383 5.823383 5.186015 3.563234 4.886883 4.836937 4.196532 4.179101 4.179101 4.179101 4.179101 4.179101 4.179101 3.458554 3.064542 1.374572 1.374572 2.529784 5.331506 5.331515 5.331515 5.331515 5.331515 5.331513 5.331512 -9999 -9999 -9999 -9999 16.02314 16.05413 22.57325 20.17859 19.42111 19.24064 17.81715 19.41794 18.83015 7.826685 9.152412 9.472372 10.98331 12.65005 12.53341 9.871782 6.311672 6.257689 7.04921 7.540317 7.543953 7.543953 7.289854 6.004206 4.492215 4.481097 4.45525 4.452335 4.452335 6.699832 23.51921 16.316 19.44757 98.96204 226.8565 266.9863 237.2052 210.2005 261.269 256.1971 117.544 106.0306
5.823375 5.823375 5.823375 5.823375 5.823375 5.823375 5.823312 5.038373 4.179095 4.179095 4.179095 4.179095 4.179095 4.179095 4.179095 4.178089 3.093122 2.136197 4.992333 5.33151 5.33151 5.33151 5.33151 5.33151 5.33151 5.331518 5.331515 5.331513 -9999 -9999 16.77092 16.77092 28.60205 20.47916 17.07228 15.35347 14.9083 14.81755 12.82821 32.12464 38.60188 35.69345 25.46262 8.018355 8.018355 7.761653 6.257682 6.257682 6.257683 6.912872 8.312221 10.00421 9.843201 7.641629 4.452325 4.452325 4.452325 4.452325 4.452325 7.981996 15.83375 15.61465 101.8609 259.5614 265.1444 226.7753 169.1842 170.2055 59.59953 100.8489 60.38552 38.20586
5.823383 6.104712 8.196186 7.784544 5.974866 5.823383 5.823383 5.706428 4.391417 4.179105 4.179105 4.179105 4.179105 4.179105 5.570118 11.37095 7.527839 11.71289 9.227748 5.769459 5.33152 5.33152 5.33152 5.33152 5.33152 5.33152 5.331511 5.331514 -9999 -9999 -9999 -9999 -9999 18.7395 15.00086 15.65496 9.795695 9.63057 9.636764 38.94511 44.26937 36.42299 24.08395 8.285844 8.018364 7.443737 6.257691 6.25769 6.257689 6.257691 6.945667 10.17866 10.33157 9.1075 8.168818 9.356071 8.284155 6.161934 5.39488 6.903882 15.55622 15.61466 88.65758 168.9507 247.8744 112.9113 146.0527 69.81733 8.047774 8.047774 8.56824 31.86779
5.823375 5.86744 8.798212 9.351855 8.761098 8.269738 7.134586 6.43968 4.179463 4.179097 4.179097 4.179097 4.179097 8.522905 15.70381 17.57722 17.14761 13.29136 12.25868 11.52901 9.278624 6.706976 5.331512 5.331512 5.331512 5.331512 5.331512 5.331515 5.331514 -9999 -9999 -9999 -9999 -9999 9.626259 9.626258 9.626256 9.626256 18.4806 51.81491 53.45898 21.97062 21.97379 20.93577 12.55782 7.759769 6.257681 6.257681 8.081156 6.257681 6.257681 7.067272 9.542703 12.5984 14.68445 16.2685 16.19853 16.252 10.09087 5.123389 12.57018 15.80497 67.70567 155.6958 284.5177 116.4289 102.3701 35.37611 13.83399 9.509427 12.03429 23.5295
5.823376 5.823384 7.52021 9.326689 9.351859 9.351859 9.351859 8.264347 4.179101 4.179101 4.179101 4.179101 10.13097 17.57214 17.57725 17.57725 17.05579 12.68714 12.2587 12.2587 12.2587 12.25414 9.85154 5.331524 5.331524 5.331524 5.331524 5.331522 83.58549 1588.167 4.12264 -9999 -9999 -9999 -9999 9.62626 9.626262 9.62626 53.45898 -9999 25.97719 20.50386 20.35238 11.66975 8.777376 7.702128 7.090225 12.02165 40.86569 8.832186 6.584206 8.692972 17.09836 19.4126 19.39711 18.69267 17.09476 7.198813 5.166916 5.123402 13.51742 19.93128 42.49894 104.7403 227.9996 180.8805 123.1827 119.6877 43.40432 16.7951 23.83999 44.85118
5.823376 5.823378 5.82338 7.61498 9.351858 9.351858 9.351858 8.70579 4.179099 4.630363 5.082328 9.642937 17.11906 17.57723 17.57723 17.5411 16.79917 14.1542 12.25869 12.25869 12.25869 12.25869 11.97975 5.331519 5.331519 5.331519 5.331519 5.331519 8.928942 77.18548 9.992373 18.06686 18.06679 -9999 -9999 -9999 9.62626 9.62626 49.9411 52.05805 35.31242 -9999 6.623778 6.400898 6.400897 6.549239 7.768474 9.054834 20.13156 9.035081 8.022138 12.07754 17.38471 17.52613 18.52797 18.29108 13.44755 6.221174 9.320189 7.79803 15.0445 21.38798 58.00969 91.28527 238.214 307.5823 170.4205 147.5291 75.48 45.42672 112.9293 69.92716
-9999 5.823376 5.823377 5.882017 9.311565 9.351843 9.351843 9.193011 7.902152 9.003274 9.351845 14.85778 17.57722 17.57722 16.39037 14.07187 12.25868 12.25868 12.25868 12.25868 12.25868 12.25868 11.89041 5.331512 5.331512 5.331512 5.331512 5.331512 5.331511 4.011288 98.55235 544.2865 -9999 15.73205 -9999 -9999 15.73205 -9999 226.4404 178.1895 57.71101 -9999 -9999 -9999 -9999 6.400896 7.000907 8.022135 8.022132 8.022134 8.022128 12.0428 13.43463 13.43463 13.5281 13.43526 13.34259 13.43464 16.54671 21.46749 21.46749 68.36787 544.3115 84.39068 239.3657 459.5536 264.6949 118.1463 81.95235 58.75658 67.07691 80.65304
-9999 -9999 6.351593 7.573598 9.350618 9.351845 9.351845 9.351845 9.351845 9.351845 9.351845 10.04588 15.10098 15.51487 13.00798 12.25869 12.25869 12.25869 12.25869 12.25869 12.25869 12.25869 12.13194 6.755924 5.331508 5.331508 5.331508 5.331508 5.331508 4.257285 8.320139 35.67318 15.73205 15.73205 15.73205 -9999 15.73205 15.73206 140.3401 86.2089 33.20005 60.95632 -9999 -9999 -9999 -9999 -9999 -9999 -9999 -9999 -9999 -9999 -9999 -9999 -9999 -9999 -9999 -9999 -9999 -9999 -9999 2286.172 3963.965 69.13993 149.517 221.7001 168.568 56.02606 52.39824 52.87163 96.78152 150.2021
-9999 -9999 9.351851 9.351855 9.351851 9.351851 9.351851 9.351851 9.351851 9.351851 9.351851 9.393892 12.20813 12.25869 12.25869 12.25869 12.25869 12.25869 12.25869 12.25869 12.25869 12.25869 12.25869 12.10257 7.311597 5.331513 5.331513 5.331513 5.331513 5.331511 10.28178 15.66923 15.73205 15.73205 15.73205 15.73205 15.73205 15.73205 15.73205 13.26152 27.75504 58.04761 43.66711 -9999 -9999 -9999 -9999 -9999 -9999 -9999 -9999 -9999 -9999 -9999 -9999 -9999 -9999 -9999 -9999 -9999 -9999 -9999 53.60075 53.60073 54.62507 128.0711 62.9113 47.40387 52.35302 52.33604 91.53513 214.8661
-9999 -9999 -9999 9.351852 9.351851 9.35187 9.35187 9.35187 9.35187 9.35187 9.506766 24.85412 15.18801 12.25869 12.25869 12.25869 12.25869 12.25869 12.25869 12.25868 12.25869 12.25869 12.25869 12.25869 9.529836 5.331519 5.331519 5.331519 5.331519 5.331519 5.331519 10.2263 15.73205 15.73206 15.73206 15.73206 15.73206 15.73206 15.7437 16.12519 13.37098 34.4253 69.21182 88.74355 368.5992 735.3478 -9999 -9999 -9999 -9999 -9999 -9999 -9999 -9999 -9999 -9999 -9999 -9999 -9999 -9999 -9999 -9999 50.55732 53.60075 32.36098 22.81483 35.97734 23.99088 35.0803 55.61728 92.99923 181.5787
-9999 -9999 -9999 -9999 -9999 33.03756 20.78865 15.71544 9.351847 9.351843 19.99313 38.5191 25.30185 12.25868 12.25868 12.25868 12.25868 12.25868 12.25868 12.25869 12.25868 12.25868 12.25868 12.25868 8.712386 5.331508 5.331507 5.331508 5.331508 5.331508 5.331508 6.211959 15.73181 15.73204 15.73204 15.73204 15.73204 15.73204 12.25773 5.896236 4.447464 4.248531 28.90575 29.66284 60.81012 35.90527 27.79662 -9999 -9999 -9999 -9999 -9999 -9999 -9999 -9999 -9999 -9999 -9999 -9999 -9999 -9999 -9999 -9999 -9999 39.05959 38.12104 62.3668 32.06585 53.90244 58.02851 97.63066 116.3906
0.9863738 -9999 -9999 -9999 -9999 38.51917 38.5192 36.22422 13.96853 20.72987 37.70951 38.51921 37.67371 33.67948 14.26092 12.25869 12.25869 12.25869 12.25869 12.25869 12.25869 12.25869 12.25869 12.25869 7.772839 5.331516 5.331516 5.331516 5.331516 5.331516 5.331516 5.331516 6.177021 7.918488 9.661222 11.40502 13.14991 14.89544 8.192738 3.820216 3.820217 7.257727 16.3591 26.19638 10.12349 11.82153 28.64492 39.13127 -9999 -9999 -9999 -9999 -9999 -9999 -9999 -9999 -9999 -9999 -9999 -9999 -9999 -9999 -9999 -9999 -9999 39.71755 102.6696 118.4184 152.5718 192.7764 143.5796 172.1966
0.9863738 0.9863728 -9999 -9999 -9999 38.51918 38.51921 38.51918 38.40705 38.51918 38.51918 38.51918 38.51918 38.51918 37.26668 12.27063 12.25868 12.25868 12.25868 12.25869 12.25868 12.25868 12.25868 12.25868 6.863235 5.331513 5.331513 5.331513 5.331513 5.331513 5.331513 5.331513 5.331513 5.331513 5.331513 5.331513 5.331513 5.331906 5.218634 3.943132 3.820219 3.611912 2.822291 1.245849 4.268822 7.769369 14.31548 16.16404 -9999 -9999 -9999 -9999 -9999 -9999 -9999 -9999 -9999 -9999 -9999 -9999 -9999 -9999 -9999 -9999 -9999 230.7618 170.2718 194.7934 219.5563 393.9265 228.2386 189.8278
0.9863733 0.9863737 -9999 -9999 -9999 38.51918 38.51916 38.51916 38.51916 38.51916 38.51916 38.51916 38.51916 38.51916 35.80359 12.32393 12.25869 12.25869 12.25869 12.25869 12.25869 12.25869 12.25869 12.25869 5.964177 5.331516 5.331516 5.331516 5.331516 5.331516 5.331516 5.331516 5.331516 5.331516 5.331516 5.331516 5.331516 5.331515 5.331515 4.184013 3.820214 1.554777 0.9155859 0.9904176 4.268821 3.839894 10.36159 19.10649 -9999 -9999 -9999 -9999 -9999 -9999 -9999 -9999 -9999 -9999 -9999 -9999 -9999 -9999 -9999 -9999 -9999 -9999 201.7407 195.4489 221.3235 242.1599 189.7743 243.4641
0.9863735 0.9863735 0.9863735 -9999 -9999 -9999 38.51916 38.51914 38.51914 38.51914 38.51914 38.51914 38.51914 38.51914 36.17984 14.07988 12.25869 12.25869 12.25869 12.25869 12.25869 12.25869 12.25869 11.95209 5.35359 5.33151 5.33151 5.33151 5.33151 5.33151 5.33151 5.33151 5.33151 5.33151 5.33151 5.33151 5.331514 5.331514 4.549071 1.047288 0.7094077 0.3806672 0.6302056 0.944514 4.206899 4.922838 9.480042 -9999 -9999 -9999 -9999 -9999 -9999 -9999 -9999 -9999 -9999 -9999 -9999 -9999 -9999 -9999 -9999 -9999 -9999 -9999 -9999 285.6128 274.9473 195.862 178.8054 263.5641
